0.078125 0.078125 0
0.078125 0.15625 0
0.078125 0.234375 0
0.15625 0.3125 0.078125
0.234375 0.390625 0.078125
0.3125 0.46875 0.078125
0.390625 0.546875 0.15625
0.46875 0.625 0.15625
0.546875 0.703125 0.15625
0.625 0.78125 0.234375
0.703125 0.859375 0.3125
0.78125 0.9375 0.3125
0.859375 1.01562 0.390625
0.9375 1.01562 0.3125
1.01562 1.01562 0.3125
1.09375 1.01562 0.3125
1.09375 1.09375 0.3125
1.17188 1.09375 0.3125
1.25 1.09375 0.3125
1.32812 1.09375 0.234375
1.40625 1.09375 0.234375
1.48438 1.09375 0.234375
1.5625 1.09375 0.15625
1.64062 1.09375 0.15625
1.71875 1.09375 0.15625
1.79688 1.17188 0.234375
1.875 1.17188 0.234375
1.95312 1.17188 0.3125
2.03125 1.17188 0.3125
2.10938 1.17188 0.390625
2.1875 1.17188 0.390625
2.26562 1.17188 0.46875
2.34375 1.17188 0.546875
2.42188 1.17188 0.546875
2.5 1.17188 0.625
2.57812 1.17188 0.625
2.65625 1.17188 0.625
2.73438 1.17188 0.625
2.8125 1.17188 0.625
2.89062 1.17188 0.625
2.96875 1.17188 0.546875
3.04688 1.17188 0.546875
3.125 1.17188 0.46875
3.125 1.25 0.546875
3.125 1.32812 0.625
3.125 1.40625 0.703125
3.20312 1.40625 0.625
3.28125 1.40625 0.546875
3.35938 1.40625 0.46875
3.4375 1.40625 0.390625
3.51562 1.40625 0.3125
3.59375 1.40625 0.234375
3.59375 1.48438 0.3125
3.59375 1.5625 0.3125
3.59375 1.64062 0.390625
3.67188 1.64062 0.3125
3.67188 1.71875 0.3125
3.75 1.71875 0.234375
3.82812 1.71875 0.15625
3.82812 1.79688 0.15625
3.82812 1.875 0.234375
3.82812 1.95312 0.234375
3.90625 1.95312 0.15625
3.90625 2.03125 0.15625
3.90625 2.10938 0.234375
3.90625 2.1875 0.234375
3.98438 2.1875 0.15625
3.98438 2.26562 0.15625
3.98438 2.34375 0.234375
3.98438 2.42188 0.234375
3.98438 2.5 0.234375
4.0625 2.5 0.15625
4.0625 2.57812 0.15625
4.0625 2.65625 0.15625
4.14062 2.65625 0.15625
4.14062 2.73438 0.15625
4.14062 2.8125 0.15625
4.14062 2.89062 0.15625
4.14062 2.96875 0.15625
4.14062 3.04688 0.15625
4.14062 3.125 0.15625
4.21875 3.20312 0.078125
4.14062 3.28125 0.3125
4.21875 3.35938 0.3125
4.14062 3.4375 0.46875
4.21875 3.51562 0.390625
4.29688 3.59375 0.390625
4.375 3.67188 0.3125
4.45312 3.75 0.3125
4.53125 3.82812 0.234375
4.60938 3.90625 0.078125
4.6875 3.98438 0
4.76562 4.0625 0
4.84375 4.14062 0
4.92188 4.21875 0
5 4.29688 0
5.07812 4.375 0
5.15625 4.45312 0
5.23438 4.53125 0
5.3125 4.60938 0
5.39062 4.6875 0
5.46875 4.76562 0
5.54688 4.84375 0
5.625 4.92188 0
5.70312 4.92188 0
5.78125 4.92188 0
5.85938 4.92188 0
5.9375 4.92188 0
6.01562 4.92188 0
6.09375 4.92188 0
6.17188 5 0
6.25 5 0
6.32812 5 0
6.40625 5 0
6.48438 5 0
6.5625 5 0
6.64062 5 0
6.71875 5 0
6.79688 5 0
6.79688 5.07812 0
6.875 5.07812 0
6.95312 5.07812 0
7.03125 5.15625 0.15625
6.95312 5.23438 0.15625
7.03125 5.3125 0.234375
6.95312 5.39062 0.390625
7.03125 5.46875 0.3125
6.95312 5.54688 0.546875
7.03125 5.625 0.390625
6.95312 5.70312 0.546875
7.03125 5.78125 0.3125
6.95312 5.85938 0.46875
7.03125 5.9375 0.3125
6.95312 6.01562 0.390625
7.03125 6.09375 0.15625
6.95312 6.17188 0.234375
7.03125 6.25 0.078125
6.95312 6.32812 0.078125
6.95312 6.40625 0.078125
6.95312 6.48438 0.15625
6.95312 6.5625 0.15625
6.95312 6.64062 0.15625
6.95312 6.71875 0.15625
6.95312 6.79688 0.234375
6.95312 6.875 0.234375
6.95312 6.95312 0.3125
6.95312 7.03125 0.3125
7.03125 7.10938 0.234375
7.10938 7.10938 0.234375
7.1875 7.1875 0.15625
7.26562 7.26562 0.15625
7.34375 7.34375 0.078125
7.42188 7.42188 0.078125
7.5 7.5 0.078125
7.57812 7.57812 0
7.65625 7.65625 0
7.73438 7.73438 0
7.8125 7.8125 0
7.89062 7.89062 0
7.96875 7.96875 0
8.04688 8.04688 0
8.125 8.125 0
8.20312 8.20312 0
8.28125 8.28125 0
8.35938 8.35938 0
8.4375 8.4375 0
8.51562 8.51562 0
8.59375 8.59375 0
8.67188 8.67188 0
8.75 8.75 0
8.82812 8.82812 0
8.90625 8.90625 0
8.98438 8.98438 0
9.0625 9.0625 0
9.14062 9.14062 0
9.21875 9.21875 0
9.29688 9.29688 0
9.375 9.375 0
9.45312 9.45312 0
9.53125 9.53125 0
9.60938 9.60938 0
9.6875 9.6875 0
9.76562 9.76562 0
9.84375 9.84375 0
