-12.5 -12.5 -0.074281
-12.5 -11.875 -0.115434
-12.5 -11.25 -0.174413
-12.5 -10.625 -0.256197
-12.5 -10 -0.365833
-12.5 -9.375 -0.507785
-12.5 -8.75 -0.685109
-12.5 -8.125 -0.898555
-12.5 -7.5 -1.14572
-12.5 -6.875 -1.4204
-12.5 -6.25 -1.71238
-12.5 -5.625 -2.00765
-12.5 -5 -2.28926
-12.5 -4.375 -2.53879
-12.5 -3.75 -2.73831
-12.5 -3.125 -2.87288
-12.5 -2.5 -2.9331
-12.5 -1.875 -2.9347
-12.5 -1.25 -2.95499
-12.5 -0.625 -2.82952
-12.5 0 -2.45822
-12.5 0.625 -2.11448
-12.5 1.25 -1.75848
-12.5 1.875 -1.34504
-12.5 2.5 -0.888901
-12.5 3.125 -0.44604
-12.5 3.75 -0.0999044
-12.5 4.375 0.0870721
-12.5 5 0.119628
-12.5 5.625 0.0643505
-12.5 6.25 -0.00205561
-12.5 6.875 -0.0373798
-12.5 7.5 -0.0382895
-12.5 8.125 -0.022199
-12.5 8.75 -0.00958672
-12.5 9.375 -0.00788153
-12.5 10 -0.00998544
-12.5 10.625 -0.00973917
-12.5 11.25 -0.00768493
-12.5 11.875 -0.00560462
-12.5 12.5 -0.00400172

-11.875 -12.5 -0.0860872
-11.875 -11.875 -0.133928
-11.875 -11.25 -0.202587
-11.875 -10.625 -0.297895
-11.875 -10 -0.425722
-11.875 -9.375 -0.591196
-11.875 -8.75 -0.797735
-11.875 -8.125 -1.04604
-11.875 -7.5 -1.33321
-11.875 -6.875 -1.65203
-11.875 -6.25 -1.9908
-11.875 -5.625 -2.33347
-11.875 -5 -2.66039
-11.875 -4.375 -2.94948
-11.875 -3.75 -3.17927
-11.875 -3.125 -3.33438
-11.875 -2.5 -3.40861
-11.875 -1.875 -3.44804
-11.875 -1.25 -3.64356
-11.875 -0.625 -3.56563
-11.875 0 -2.94705
-11.875 0.625 -2.47296
-11.875 1.25 -2.03849
-11.875 1.875 -1.52565
-11.875 2.5 -0.948001
-11.875 3.125 -0.382222
-11.875 3.75 0.0550698
-11.875 4.375 0.276831
-11.875 5 0.291264
-11.875 5.625 0.193073
-11.875 6.25 0.0892084
-11.875 6.875 0.0387659
-11.875 7.5 0.048827
-11.875 8.125 0.0857857
-11.875 8.75 0.0936639
-11.875 9.375 0.0558668
-11.875 10 0.0121606
-11.875 10.625 -0.008547
-11.875 11.25 -0.0122747
-11.875 11.875 -0.0107782
-11.875 12.5 -0.00854976

-11.25 -12.5 -0.0974086
-11.25 -11.875 -0.151874
-11.25 -11.25 -0.230252
-11.25 -10.625 -0.339259
-11.25 -10 -0.48556
-11.25 -9.375 -0.674792
-11.25 -8.75 -0.91046
-11.25 -8.125 -1.19289
-11.25 -7.5 -1.51838
-11.25 -6.875 -1.87868
-11.25 -6.25 -2.26079
-11.25 -5.625 -2.64689
-11.25 -5 -3.01394
-11.25 -4.375 -3.33305
-11.25 -3.75 -3.57656
-11.25 -3.125 -3.73691
-11.25 -2.5 -3.82443
-11.25 -1.875 -3.85875
-11.25 -1.25 -3.92149
-11.25 -0.625 -3.77464
-11.25 0 -3.28292
-11.25 0.625 -2.82216
-11.25 1.25 -2.33205
-11.25 1.875 -1.74381
-11.25 2.5 -1.07747
-11.25 3.125 -0.422037
-11.25 3.75 0.0876145
-11.25 4.375 0.352868
-11.25 5 0.387347
-11.25 5.625 0.302749
-11.25 6.25 0.219659
-11.25 6.875 0.206014
-11.25 7.5 0.27819
-11.25 8.125 0.377007
-11.25 8.75 0.370893
-11.25 9.375 0.228178
-11.25 10 0.0749132
-11.25 10.625 -0.00152647
-11.25 11.25 -0.0214116
-11.25 11.875 -0.022273
-11.25 12.5 -0.0190085

-10.625 -12.5 -0.107911
-10.625 -11.875 -0.168949
-10.625 -11.25 -0.257223
-10.625 -10.625 -0.380415
-10.625 -10 -0.545908
-10.625 -9.375 -0.759541
-10.625 -8.75 -1.02433
-10.625 -8.125 -1.33951
-10.625 -7.5 -1.70003
-10.625 -6.875 -2.09644
-10.625 -6.25 -2.51476
-10.625 -5.625 -2.93587
-10.625 -5 -3.33173
-10.625 -4.375 -3.65969
-10.625 -3.75 -3.88007
-10.625 -3.125 -4.01114
-10.625 -2.5 -4.11343
-10.625 -1.875 -4.1768
-10.625 -1.25 -4.13545
-10.625 -0.625 -3.93598
-10.625 0 -3.5886
-10.625 0.625 -3.15774
-10.625 1.25 -2.63729
-10.625 1.875 -2.01557
-10.625 2.5 -1.31797
-10.625 3.125 -0.631193
-10.625 3.75 -0.0827495
-10.625 4.375 0.239604
-10.625 5 0.35825
-10.625 5.625 0.382351
-10.625 6.25 0.414302
-10.625 6.875 0.504106
-10.625 7.5 0.668276
-10.625 8.125 0.82442
-10.625 8.75 0.767749
-10.625 9.375 0.465678
-10.625 10 0.157701
-10.625 10.625 0.00224848
-10.625 11.25 -0.0418676
-10.625 11.875 -0.0466389
-10.625 12.5 -0.041337

-10 -12.5 -0.117502
-10 -11.875 -0.18531
-10 -11.25 -0.2842
-10 -10.625 -0.422976
-10 -10 -0.609649
-10 -9.375 -0.849718
-10 -8.75 -1.1447
-10 -8.125 -1.49148
-10 -7.5 -1.88262
-10 -6.875 -2.30705
-10 -6.25 -2.75047
-10 -5.625 -3.19356
-10 -5 -3.60358
-10 -4.375 -3.92112
-10 -3.75 -4.09188
-10 -3.125 -4.17057
-10 -2.5 -4.28804
-10 -1.875 -4.4246
-10 -1.25 -4.42808
-10 -0.625 -4.23931
-10 0 -3.90341
-10 0.625 -3.46474
-10 1.25 -2.9362
-10 1.875 -2.32168
-10 2.5 -1.6473
-10 3.125 -0.983956
-10 3.75 -0.428079
-10 4.375 -0.0353984
-10 5 0.22922
-10 5.625 0.454144
-10 6.25 0.687703
-10 6.875 0.914896
-10 7.5 1.11383
-10 8.125 1.20788
-10 8.75 1.02741
-10 9.375 0.590718
-10 10 0.183723
-10 10.625 -0.0229697
-10 11.25 -0.0861556
-10 11.875 -0.0942274
-10 12.5 -0.0847163

-9.375 -12.5 -0.126342
-9.375 -11.875 -0.201562
-9.375 -11.25 -0.31265
-9.375 -10.625 -0.469812
-9.375 -10 -0.681568
-9.375 -9.375 -0.952287
-9.375 -8.75 -1.28046
-9.375 -8.125 -1.65868
-9.375 -7.5 -2.07545
-9.375 -6.875 -2.51752
-9.375 -6.25 -2.97108
-9.375 -5.625 -3.41927
-9.375 -5 -3.83092
-9.375 -4.375 -4.14338
-9.375 -3.75 -4.29831
-9.375 -3.125 -4.36257
-9.375 -2.5 -4.48993
-9.375 -1.875 -4.65682
-9.375 -1.25 -4.68375
-9.375 -0.625 -4.50079
-9.375 0 -4.16097
-9.375 0.625 -3.71879
-9.375 1.25 -3.19862
-9.375 1.875 -2.61435
-9.375 2.5 -1.99148
-9.375 3.125 -1.37936
-9.375 3.75 -0.833831
-9.375 4.375 -0.3705
-9.375 5 0.061354
-9.375 5.625 0.522656
-9.375 6.25 0.987173
-9.375 6.875 1.34094
-9.375 7.5 1.48857
-9.375 8.125 1.39042
-9.375 8.75 1.0312
-9.375 9.375 0.527005
-9.375 10 0.114919
-9.375 10.625 -0.0968304
-9.375 11.25 -0.168653
-9.375 11.875 -0.17792
-9.375 12.5 -0.160527

-8.75 -12.5 -0.13467
-8.75 -11.875 -0.218374
-8.75 -11.25 -0.34404
-8.75 -10.625 -0.523658
-8.75 -10 -0.766134
-8.75 -9.375 -1.07371
-8.75 -8.75 -1.43988
-8.75 -8.125 -1.85047
-8.75 -7.5 -2.28776
-8.75 -6.875 -2.73547
-8.75 -6.25 -3.18133
-8.75 -5.625 -3.61444
-8.75 -5 -4.01446
-8.75 -4.375 -4.33646
-8.75 -3.75 -4.53474
-8.75 -3.125 -4.64857
-8.75 -2.5 -4.77756
-8.75 -1.875 -4.89866
-8.75 -1.25 -4.88288
-8.75 -0.625 -4.68228
-8.75 0 -4.33939
-8.75 0.625 -3.90131
-8.75 1.25 -3.39657
-8.75 1.875 -2.8464
-8.75 2.5 -2.27548
-8.75 3.125 -1.7153
-8.75 3.75 -1.19321
-8.75 4.375 -0.702288
-8.75 5 -0.156117
-8.75 5.625 0.508955
-8.75 6.25 1.16836
-8.75 6.875 1.61266
-8.75 7.5 1.69461
-8.75 8.125 1.41535
-8.75 8.75 0.908764
-8.75 9.375 0.375092
-8.75 10 -0.0154345
-8.75 10.625 -0.22199
-8.75 11.25 -0.300436
-8.75 11.875 -0.30894
-8.75 12.5 -0.278656

-8.125 -12.5 -0.142478
-8.125 -11.875 -0.235758
-8.125 -11.25 -0.378422
-8.125 -10.625 -0.584635
-8.125 -10 -0.863555
-8.125 -9.375 -1.21427
-8.125 -8.75 -1.62328
-8.125 -8.125 -2.06707
-8.125 -7.5 -2.51949
-8.125 -6.875 -2.96036
-8.125 -6.25 -3.37994
-8.125 -5.625 -3.7761
-8.125 -5 -4.144
-8.125 -4.375 -4.46384
-8.125 -3.75 -4.7081
-8.125 -3.125 -4.87936
-8.125 -2.5 -5.00421
-8.125 -1.875 -5.06075
-8.125 -1.25 -4.98872
-8.125 -0.625 -4.76959
-8.125 0 -4.4297
-8.125 0.625 -4.00226
-8.125 1.25 -3.51527
-8.125 1.875 -2.99396
-8.125 2.5 -2.46293
-8.125 3.125 -1.94761
-8.125 3.75 -1.49276
-8.125 4.375 -1.14225
-8.125 5 -0.647065
-8.125 5.625 0.219876
-8.125 6.25 1.06437
-8.125 6.875 1.55855
-8.125 7.5 1.61166
-8.125 8.125 1.26712
-8.125 8.75 0.717634
-8.125 9.375 0.188243
-8.125 10 -0.188298
-8.125 10.625 -0.397856
-8.125 11.25 -0.484392
-8.125 11.875 -0.489838
-8.125 12.5 -0.441162

-7.5 -12.5 -0.149148
-7.5 -11.875 -0.252299
-7.5 -11.25 -0.41296
-7.5 -10.625 -0.647678
-7.5 -10 -0.965716
-7.5 -9.375 -1.36226
-7.5 -8.75 -1.81543
-7.5 -8.125 -2.29062
-7.5 -7.5 -2.75179
-7.5 -6.875 -3.17428
-7.5 -6.25 -3.55161
-7.5 -5.625 -3.89183
-7.5 -5 -4.20552
-7.5 -4.375 -4.4926
-7.5 -3.75 -4.7391
-7.5 -3.125 -4.92859
-7.5 -2.5 -5.0469
-7.5 -1.875 -5.07082
-7.5 -1.25 -4.97551
-7.5 -0.625 -4.75658
-7.5 0 -4.43003
-7.5 0.625 -4.02016
-7.5 1.25 -3.55358
-7.5 1.875 -3.05727
-7.5 2.5 -2.56088
-7.5 3.125 -2.10426
-7.5 3.75 -1.76673
-7.5 4.375 -1.70336
-7.5 5 -1.41549
-7.5 5.625 -0.352702
-7.5 6.25 0.661145
-7.5 6.875 1.15799
-7.5 7.5 1.20814
-7.5 8.125 0.902576
-7.5 8.75 0.416594
-7.5 9.375 -0.0557944
-7.5 10 -0.405269
-7.5 10.625 -0.614731
-7.5 11.25 -0.707074
-7.5 11.875 -0.706852
-7.5 12.5 -0.635615

-6.875 -12.5 -0.153319
-6.875 -11.875 -0.264895
-6.875 -11.25 -0.441442
-6.875 -10.625 -0.701697
-6.875 -10 -1.05486
-6.875 -9.375 -1.4921
-6.875 -8.75 -1.98312
-6.875 -8.125 -2.48226
-6.875 -7.5 -2.94374
-6.875 -6.875 -3.3386
-6.875 -6.25 -3.66383
-6.875 -5.625 -3.93768
-6.875 -5 -4.1845
-6.875 -4.375 -4.41812
-6.875 -3.75 -4.63362
-6.875 -3.125 -4.81057
-6.875 -2.5 -4.92187
-6.875 -1.875 -4.94129
-6.875 -1.25 -4.85127
-6.875 -0.625 -4.64886
-6.875 0 -4.34493
-6.875 0.625 -3.95963
-6.875 1.25 -3.51811
-6.875 1.875 -3.04862
-6.875 2.5 -2.60291
-6.875 3.125 -2.26784
-6.875 3.75 -1.97975
-6.875 4.375 -1.83681
-6.875 5 -1.57278
-6.875 5.625 -0.657195
-6.875 6.25 0.193959
-6.875 6.875 0.59137
-6.875 7.5 0.639107
-6.875 8.125 0.41764
-6.875 8.75 0.0483397
-6.875 9.375 -0.33193
-6.875 10 -0.63756
-6.875 10.625 -0.839298
-6.875 11.25 -0.934077
-6.875 11.875 -0.926909
-6.875 12.5 -0.832541

-6.25 -12.5 -0.153194
-6.25 -11.875 -0.269438
-6.25 -11.25 -0.455628
-6.25 -10.625 -0.731982
-6.25 -10 -1.10743
-6.25 -9.375 -1.56985
-6.25 -8.75 -2.08227
-6.25 -8.125 -2.59047
-6.25 -7.5 -3.04112
-6.25 -6.875 -3.40211
-6.25 -6.25 -3.6734
-6.25 -5.625 -3.88171
-6.25 -5 -4.0625
-6.25 -4.375 -4.24013
-6.25 -3.75 -4.41669
-6.25 -3.125 -4.57326
-6.25 -2.5 -4.67973
-6.25 -1.875 -4.70672
-6.25 -1.25 -4.63456
-6.25 -0.625 -4.4575
-6.25 0 -4.18307
-6.25 0.625 -3.82877
-6.25 1.25 -3.41799
-6.25 1.875 -2.97861
-6.25 2.5 -2.57322
-6.25 3.125 -2.30676
-6.25 3.75 -1.97915
-6.25 4.375 -1.54994
-6.25 5 -1.17019
-6.25 5.625 -0.636438
-6.25 6.25 -0.165403
-6.25 6.875 0.0846502
-6.25 7.5 0.125543
-6.25 8.125 -0.0162615
-6.25 8.75 -0.274985
-6.25 9.375 -0.567734
-6.25 10 -0.8302
-6.25 10.625 -1.02194
-6.25 11.25 -1.11719
-6.25 11.875 -1.10398
-6.25 12.5 -0.990909

-5.625 -12.5 -0.147268
-5.625 -11.875 -0.262392
-5.625 -11.25 -0.448333
-5.625 -10.625 -0.725603
-5.625 -10 -1.10264
-5.625 -9.375 -1.56551
-5.625 -8.75 -2.07398
-5.625 -8.125 -2.56979
-5.625 -7.5 -2.99615
-5.625 -6.875 -3.31961
-5.625 -6.25 -3.54191
-5.625 -5.625 -3.69466
-5.625 -5 -3.8204
-5.625 -4.375 -3.95108
-5.625 -3.75 -4.09497
-5.625 -3.125 -4.23618
-5.625 -2.5 -4.34413
-5.625 -1.875 -4.38647
-5.625 -1.25 -4.33972
-5.625 -0.625 -4.19444
-5.625 0 -3.95526
-5.625 0.625 -3.63749
-5.625 1.25 -3.26275
-5.625 1.875 -2.85596
-5.625 2.5 -2.45463
-5.625 3.125 -2.1094
-5.625 3.75 -1.74565
-5.625 4.375 -1.33869
-5.625 5 -0.989377
-5.625 5.625 -0.668897
-5.625 6.25 -0.405368
-5.625 6.875 -0.244206
-5.625 7.5 -0.207417
-5.625 8.125 -0.294856
-5.625 8.75 -0.4771
-5.625 9.375 -0.707531
-5.625 10 -0.936718
-5.625 10.625 -1.11786
-5.625 11.25 -1.21123
-5.625 11.875 -1.1943
-5.625 12.5 -1.07154

-5 -12.5 -0.135121
-5 -11.875 -0.242524
-5 -11.25 -0.41679
-5 -10.625 -0.677336
-5 -10 -1.03189
-5 -9.375 -1.46655
-5 -8.75 -1.94198
-5 -8.125 -2.40137
-5 -7.5 -2.78921
-5 -6.875 -3.07257
-5 -6.25 -3.25303
-5 -5.625 -3.36261
-5 -5 -3.4464
-5 -4.375 -3.54158
-5 -3.75 -3.66282
-5 -3.125 -3.79872
-5 -2.5 -3.91904
-5 -1.875 -3.98786
-5 -1.25 -3.97643
-5 -0.625 -3.87085
-5 0 -3.67293
-5 0.625 -3.3965
-5 1.25 -3.06212
-5 1.875 -2.69279
-5 2.5 -2.31205
-5 3.125 -1.9421
-5 3.75 -1.58866
-5 4.375 -1.25778
-5 5 -0.966082
-5 5.625 -0.717343
-5 6.25 -0.522099
-5 6.875 -0.398075
-5 7.5 -0.361077
-5 8.125 -0.415913
-5 8.75 -0.55092
-5 9.375 -0.738666
-5 10 -0.939131
-5 10.625 -1.10495
-5 11.25 -1.19193
-5 11.875 -1.17377
-5 12.5 -1.05275

-4.375 -12.5 -0.117814
-4.375 -11.875 -0.21177
-4.375 -11.25 -0.364369
-4.375 -10.625 -0.592696
-4.375 -10 -0.90359
-4.375 -9.375 -1.28484
-4.375 -8.75 -1.70172
-4.375 -8.125 -2.10361
-4.375 -7.5 -2.44019
-4.375 -6.875 -2.68005
-4.375 -6.25 -2.82229
-4.375 -5.625 -2.89509
-4.375 -5 -2.94281
-4.375 -4.375 -3.00763
-4.375 -3.75 -3.11288
-4.375 -3.125 -3.2541
-4.375 -2.5 -3.4015
-4.375 -1.875 -3.51312
-4.375 -1.25 -3.55173
-4.375 -0.625 -3.49686
-4.375 0 -3.34739
-4.375 0.625 -3.11677
-4.375 1.25 -2.82591
-4.375 1.875 -2.49761
-4.375 2.5 -2.15343
-4.375 3.125 -1.81206
-4.375 3.75 -1.48816
-4.375 4.375 -1.19249
-4.375 5 -0.932884
-4.375 5.625 -0.71543
-4.375 6.25 -0.54734
-4.375 6.875 -0.43804
-4.375 7.5 -0.397043
-4.375 8.125 -0.429308
-4.375 8.75 -0.530071
-4.375 9.375 -0.680928
-4.375 10 -0.848874
-4.375 10.625 -0.990953
-4.375 11.25 -1.0658
-4.375 11.875 -1.04834
-4.375 12.5 -0.939779

-3.75 -12.5 -0.0976194
-3.75 -11.875 -0.174686
-3.75 -11.25 -0.299538
-3.75 -10.625 -0.486155
-3.75 -10 -0.74037
-3.75 -9.375 -1.05271
-3.75 -8.75 -1.39526
-3.75 -8.125 -1.72633
-3.75 -7.5 -2.00263
-3.75 -6.875 -2.19407
-3.75 -6.25 -2.29486
-3.75 -5.625 -2.32652
-3.75 -5 -2.33182
-3.75 -4.375 -2.3605
-3.75 -3.75 -2.44918
-3.75 -3.125 -2.60361
-3.75 -2.5 -2.7939
-3.75 -1.875 -2.96779
-3.75 -1.25 -3.07441
-3.75 -0.625 -3.08342
-3.75 0 -2.99027
-3.75 0.625 -2.80943
-3.75 1.25 -2.56398
-3.75 1.875 -2.27806
-3.75 2.5 -1.97331
-3.75 3.125 -1.66784
-3.75 3.75 -1.37613
-3.75 4.375 -1.10903
-3.75 5 -0.874355
-3.75 5.625 -0.677917
-3.75 6.25 -0.525084
-3.75 6.875 -0.421849
-3.75 7.5 -0.374401
-3.75 8.125 -0.386606
-3.75 8.75 -0.455773
-3.75 9.375 -0.568254
-3.75 10 -0.697654
-3.75 10.625 -0.808624
-3.75 11.25 -0.866813
-3.75 11.875 -0.851234
-3.75 12.5 -0.762436

-3.125 -12.5 -0.0772185
-3.125 -11.875 -0.136769
-3.125 -11.25 -0.232653
-3.125 -10.625 -0.375553
-3.125 -10 -0.570271
-3.125 -9.375 -0.810297
-3.125 -8.75 -1.07498
-3.125 -8.125 -1.33188
-3.125 -7.5 -1.54443
-3.125 -6.875 -1.68272
-3.125 -6.25 -1.73433
-3.125 -5.625 -1.71309
-3.125 -5 -1.66158
-3.125 -4.375 -1.64105
-3.125 -3.75 -1.70652
-3.125 -3.125 -1.87707
-3.125 -2.5 -2.12173
-3.125 -1.875 -2.37357
-3.125 -1.25 -2.56293
-3.125 -0.625 -2.64633
-3.125 0 -2.61516
-3.125 0.625 -2.48608
-3.125 1.25 -2.28607
-3.125 1.875 -2.04197
-3.125 2.5 -1.77634
-3.125 3.125 -1.50712
-3.125 3.75 -1.24821
-3.125 4.375 -1.00995
-3.125 5 -0.799608
-3.125 5.625 -0.622297
-3.125 6.25 -0.482111
-3.125 6.875 -0.38307
-3.125 7.5 -0.329149
-3.125 8.125 -0.322751
-3.125 8.75 -0.361644
-3.125 9.375 -0.435509
-3.125 10 -0.524469
-3.125 10.625 -0.601918
-3.125 11.25 -0.641998
-3.125 11.875 -0.628801
-3.125 12.5 -0.562397

-2.5 -12.5 -0.0588341
-2.5 -11.875 -0.102608
-2.5 -11.25 -0.172397
-2.5 -10.625 -0.275904
-2.5 -10 -0.416953
-2.5 -9.375 -0.591597
-2.5 -8.75 -0.785484
-2.5 -8.125 -0.97404
-2.5 -7.5 -1.12601
-2.5 -6.875 -1.21052
-2.5 -6.25 -1.20827
-2.5 -5.625 -1.12611
-2.5 -5 -1.00804
-2.5 -4.375 -0.929136
-2.5 -3.75 -0.964818
-2.5 -3.125 -1.14843
-2.5 -2.5 -1.44741
-2.5 -1.875 -1.77862
-2.5 -1.25 -2.05191
-2.5 -0.625 -2.20964
-2.5 0 -2.23889
-2.5 0.625 -2.15889
-2.5 1.25 -2.00108
-2.5 1.875 -1.79551
-2.5 2.5 -1.56629
-2.5 3.125 -1.33174
-2.5 3.75 -1.10548
-2.5 4.375 -0.897064
-2.5 5 -0.712651
-2.5 5.625 -0.556056
-2.5 6.25 -0.429983
-2.5 6.875 -0.336876
-2.5 7.5 -0.278995
-2.5 8.125 -0.257522
-2.5 8.75 -0.270474
-2.5 9.375 -0.310307
-2.5 10 -0.363021
-2.5 10.625 -0.410164
-2.5 11.25 -0.433883
-2.5 11.875 -0.42309
-2.5 12.5 -0.377486

-1.875 -12.5 -0.0437087
-1.875 -11.875 -0.0747738
-1.875 -11.25 -0.123648
-1.875 -10.625 -0.195651
-1.875 -10 -0.293758
-1.875 -9.375 -0.415891
-1.875 -8.75 -0.552446
-1.875 -8.125 -0.684821
-1.875 -7.5 -0.785781
-1.875 -6.875 -0.823693
-1.875 -6.25 -0.773976
-1.875 -5.625 -0.638273
-1.875 -5 -0.461966
-1.875 -4.375 -0.331185
-1.875 -3.75 -0.337535
-1.875 -3.125 -0.525788
-1.875 -2.5 -0.862466
-1.875 -1.875 -1.25208
-1.875 -1.25 -1.58871
-1.875 -0.625 -1.80364
-1.875 0 -1.8803
-1.875 0.625 -1.83933
-1.875 1.25 -1.71511
-1.875 1.875 -1.54019
-1.875 2.5 -1.34064
-1.875 3.125 -1.13633
-1.875 3.75 -0.94157
-1.875 4.375 -0.765071
-1.875 5 -0.610724
-1.875 5.625 -0.479758
-1.875 6.25 -0.372895
-1.875 6.875 -0.290603
-1.875 7.5 -0.233052
-1.875 8.125 -0.20123
-1.875 8.75 -0.194812
-1.875 9.375 -0.208808
-1.875 10 -0.23369
-1.875 10.625 -0.257427
-1.875 11.25 -0.268571
-1.875 11.875 -0.259918
-1.875 12.5 -0.230924

-1.25 -12.5 -0.0320835
-1.25 -11.875 -0.0537641
-1.25 -11.25 -0.0873488
-1.25 -10.625 -0.136436
-1.25 -10 -0.20332
-1.25 -9.375 -0.28713
-1.25 -8.75 -0.381576
-1.25 -8.125 -0.472548
-1.25 -7.5 -0.536543
-1.25 -6.875 -0.543003
-1.25 -6.25 -0.465372
-1.25 -5.625 -0.302131
-1.25 -5 -0.0974462
-1.25 -4.375 0.0598455
-1.25 -3.75 0.0725895
-1.25 -3.125 -0.108842
-1.25 -2.5 -0.452011
-1.25 -1.875 -0.858394
-1.25 -1.25 -1.21731
-1.25 -0.625 -1.45603
-1.25 0 -1.55558
-1.25 0.625 -1.53521
-1.25 1.25 -1.42851
-1.25 1.875 -1.26874
-1.25 2.5 -1.08495
-1.25 3.125 -0.901578
-1.25 3.75 -0.736154
-1.25 4.375 -0.596553
-1.25 5 -0.48201
-1.25 5.625 -0.389109
-1.25 6.25 -0.316332
-1.25 6.875 -0.258182
-1.25 7.5 -0.205475
-1.25 8.125 -0.162491
-1.25 8.75 -0.139762
-1.25 9.375 -0.135884
-1.25 10 -0.142292
-1.25 10.625 -0.150479
-1.25 11.25 -0.153358
-1.25 11.875 -0.146474
-1.25 12.5 -0.129163

-0.625 -12.5 -0.0235262
-0.625 -11.875 -0.038683
-0.625 -11.25 -0.0618025
-0.625 -10.625 -0.0953407
-0.625 -10 -0.141092
-0.625 -9.375 -0.19889
-0.625 -8.75 -0.264759
-0.625 -8.125 -0.328313
-0.625 -7.5 -0.370365
-0.625 -6.875 -0.364127
-0.625 -6.25 -0.284913
-0.625 -5.625 -0.129832
-0.625 -5 0.062266
-0.625 -4.375 0.210767
-0.625 -3.75 0.226339
-0.625 -3.125 0.0625832
-0.625 -2.5 -0.251576
-0.625 -1.875 -0.626035
-0.625 -1.25 -0.95871
-0.625 -0.625 -1.18124
-0.625 0 -1.2732
-0.625 0.625 -1.24823
-0.625 1.25 -1.13418
-0.625 1.875 -0.963204
-0.625 2.5 -0.770522
-0.625 3.125 -0.591523
-0.625 3.75 -0.452213
-0.625 4.375 -0.359825
-0.625 5 -0.304756
-0.625 5.625 -0.277031
-0.625 6.25 -0.275221
-0.625 6.875 -0.27435
-0.625 7.5 -0.229008
-0.625 8.125 -0.156162
-0.625 8.75 -0.107231
-0.625 9.375 -0.0887254
-0.625 10 -0.0842175
-0.625 10.625 -0.0835891
-0.625 11.25 -0.0819069
-0.625 11.875 -0.0764332
-0.625 12.5 -0.0664901

0 -12.5 -0.0173395
0 -11.875 -0.0280974
0 -11.25 -0.044325
0 -10.625 -0.0679376
0 -10 -0.100523
0 -9.375 -0.141434
0 -8.75 -0.188403
0 -8.125 -0.235272
0 -7.5 -0.267679
0 -6.875 -0.264651
0 -6.25 -0.206322
0 -5.625 -0.0896512
0 -5 0.0552854
0 -4.375 0.164894
0 -3.75 0.168333
0 -3.125 0.0288977
0 -2.5 -0.229836
0 -1.875 -0.535015
0 -1.25 -0.803352
0 -0.625 -0.976827
0 0 -1.03325
0 0.625 -0.975963
0 1.25 -0.822297
0 1.875 -0.602878
0 2.5 -0.365304
0 3.125 -0.166392
0 3.75 -0.0489254
0 4.375 -0.0198411
0 5 -0.0537251
0 5.625 -0.128329
0 6.25 -0.241932
0 6.875 -0.335716
0 7.5 -0.301591
0 8.125 -0.17954
0 8.75 -0.0927614
0 9.375 -0.0605648
0 10 -0.0503034
0 10.625 -0.0456146
0 11.25 -0.041981
0 11.875 -0.0376289
0 12.5 -0.0319319

0.625 -12.5 -0.0128584
0.625 -11.875 -0.0206584
0.625 -11.25 -0.0325473
0.625 -10.625 -0.0517102
0.625 -10 -0.0808478
0.625 -9.375 -0.110919
0.625 -8.75 -0.140992
0.625 -8.125 -0.176438
0.625 -7.5 -0.206557
0.625 -6.875 -0.215482
0.625 -6.25 -0.189174
0.625 -5.625 -0.124998
0.625 -5 -0.0430432
0.625 -4.375 0.0135059
0.625 -3.75 -0.00342155
0.625 -3.125 -0.11805
0.625 -2.5 -0.312548
0.625 -1.875 -0.534402
0.625 -1.25 -0.722603
0.625 -0.625 -0.830914
0.625 0 -0.833758
0.625 0.625 -0.720427
0.625 1.25 -0.494637
0.625 1.875 -0.186847
0.625 2.5 0.135084
0.625 3.125 0.380906
0.625 3.75 0.481752
0.625 4.375 0.430768
0.625 5 0.279514
0.625 5.625 0.0816978
0.625 6.25 -0.142356
0.625 6.875 -0.315098
0.625 7.5 -0.307477
0.625 8.125 -0.175995
0.625 8.75 -0.0786135
0.625 9.375 -0.0430024
0.625 10 -0.0314011
0.625 10.625 -0.0255826
0.625 11.25 -0.0215459
0.625 11.875 -0.0180983
0.625 12.5 -0.0147027

1.25 -12.5 -0.00957959
1.25 -11.875 -0.015363
1.25 -11.25 -0.0246811
1.25 -10.625 -0.0442866
1.25 -10 -0.0797263
1.25 -9.375 -0.102636
1.25 -8.75 -0.112904
1.25 -8.125 -0.137442
1.25 -7.5 -0.167474
1.25 -6.875 -0.190279
1.25 -6.25 -0.196566
1.25 -5.625 -0.183285
1.25 -5 -0.161434
1.25 -4.375 -0.156054
1.25 -3.75 -0.194628
1.25 -3.125 -0.289764
1.25 -2.5 -0.428346
1.25 -1.875 -0.575712
1.25 -1.25 -0.69029
1.25 -0.625 -0.735333
1.25 0 -0.680261
1.25 0.625 -0.499206
1.25 1.25 -0.182102
1.25 1.875 0.238715
1.25 2.5 0.669928
1.25 3.125 0.980777
1.25 3.75 1.07098
1.25 4.375 0.933765
1.25 5 0.65461
1.25 5.625 0.339269
1.25 6.25 0.0507195
1.25 6.875 -0.147473
1.25 7.5 -0.183986
1.25 8.125 -0.114131
1.25 8.75 -0.054286
1.25 9.375 -0.0301866
1.25 10 -0.0207723
1.25 10.625 -0.0153731
1.25 11.25 -0.0116919
1.25 11.875 -0.00898435
1.25 12.5 -0.00681679

1.875 -12.5 -0.00716979
1.875 -11.875 -0.0115442
1.875 -11.25 -0.0187496
1.875 -10.625 -0.034842
1.875 -10 -0.0647049
1.875 -9.375 -0.0818275
1.875 -8.75 -0.0843424
1.875 -8.125 -0.0972994
1.875 -7.5 -0.122051
1.875 -6.875 -0.159166
1.875 -6.25 -0.200285
1.875 -5.625 -0.23367
1.875 -5 -0.261463
1.875 -4.375 -0.297635
1.875 -3.75 -0.356121
1.875 -3.125 -0.441044
1.875 -2.5 -0.542155
1.875 -1.875 -0.637187
1.875 -1.25 -0.698078
1.875 -0.625 -0.694225
1.875 0 -0.590394
1.875 0.625 -0.348524
1.875 1.25 0.0520006
1.875 1.875 0.576004
1.875 2.5 1.10736
1.875 3.125 1.47993
1.875 3.75 1.56632
1.875 4.375 1.36015
1.875 5 0.976638
1.875 5.625 0.568461
1.875 6.25 0.23852
1.875 6.875 0.0310779
1.875 7.5 -0.0480427
1.875 8.125 -0.0477933
1.875 8.75 -0.0314438
1.875 9.375 -0.0209186
1.875 10 -0.014482
1.875 10.625 -0.0100449
1.875 11.25 -0.00698706
1.875 11.875 -0.00488598
1.875 12.5 -0.0034039

2.5 -12.5 -0.00542098
2.5 -11.875 -0.00882263
2.5 -11.25 -0.0142181
2.5 -10.625 -0.0237204
2.5 -10 -0.0383216
2.5 -9.375 -0.045914
2.5 -8.75 -0.0328164
2.5 -8.125 -0.00170822
2.5 -7.5 0.00795631
2.5 -6.875 -0.0527761
2.5 -6.25 -0.16216
2.5 -5.625 -0.262293
2.5 -5 -0.338078
2.5 -4.375 -0.406852
2.5 -3.75 -0.485823
2.5 -3.125 -0.573811
2.5 -2.5 -0.658695
2.5 -1.875 -0.726074
2.5 -1.25 -0.756166
2.5 -0.625 -0.722502
2.5 0 -0.588402
2.5 0.625 -0.310573
2.5 1.25 0.136093
2.5 1.875 0.714721
2.5 2.5 1.29851
2.5 3.125 1.70548
2.5 3.75 1.7973
2.5 4.375 1.56974
2.5 5 1.15099
2.5 5.625 0.708795
2.5 6.25 0.357073
2.5 6.875 0.133505
2.5 7.5 0.0240626
2.5 8.125 -0.0126333
2.5 8.75 -0.0180994
2.5 9.375 -0.0148379
2.5 10 -0.0105006
2.5 10.625 -0.00702278
2.5 11.25 -0.00459926
2.5 11.875 -0.00298753
2.5 12.5 -0.00192543

3.125 -12.5 -0.00420049
3.125 -11.875 -0.00698882
3.125 -11.25 -0.0114173
3.125 -10.625 -0.0180473
3.125 -10 -0.0243145
3.125 -9.375 -0.0110667
3.125 -8.75 0.0692265
3.125 -8.125 0.232123
3.125 -7.5 0.343169
3.125 -6.875 0.233135
3.125 -6.25 -0.0316521
3.125 -5.625 -0.26176
3.125 -5 -0.393679
3.125 -4.375 -0.469534
3.125 -3.75 -0.581674
3.125 -3.125 -0.71081
3.125 -2.5 -0.804318
3.125 -1.875 -0.865032
3.125 -1.25 -0.883358
3.125 -0.625 -0.837062
3.125 0 -0.692978
3.125 0.625 -0.411278
3.125 1.25 0.0305721
3.125 1.875 0.596557
3.125 2.5 1.16646
3.125 3.125 1.57011
3.125 3.75 1.68253
3.125 4.375 1.50739
3.125 5 1.16334
3.125 5.625 0.78584
3.125 6.25 0.457233
3.125 6.875 0.215166
3.125 7.5 0.0713298
3.125 8.125 0.00806366
3.125 8.75 -0.00982678
3.125 9.375 -0.0106909
3.125 10 -0.00781153
3.125 10.625 -0.00512339
3.125 11.25 -0.00323597
3.125 11.875 -0.00200706
3.125 12.5 -0.0012271

3.75 -12.5 -0.0034144
3.75 -11.875 -0.00588621
3.75 -11.25 -0.00995389
3.75 -10.625 -0.0157961
3.75 -10 -0.0172297
3.75 -9.375 0.0237245
3.75 -8.75 0.202707
3.75 -8.125 0.552787
3.75 -7.5 0.80695
3.75 -6.875 0.628278
3.75 -6.25 0.147843
3.75 -5.625 -0.256318
3.75 -5 -0.437911
3.75 -4.375 -0.471864
3.75 -3.75 -0.642002
3.75 -3.125 -0.876587
3.75 -2.5 -1.00653
3.75 -1.875 -1.07631
3.75 -1.25 -1.09581
3.75 -0.625 -1.04817
3.75 0 -0.908027
3.75 0.625 -0.646113
3.75 1.25 -0.248187
3.75 1.875 0.252718
3.75 2.5 0.757355
3.75 3.125 1.13134
3.75 3.75 1.28684
3.75 4.375 1.24554
3.75 5 1.09703
3.75 5.625 0.891854
3.75 6.25 0.630708
3.75 6.875 0.353653
3.75 7.5 0.142967
3.75 8.125 0.034539
3.75 8.75 -0.00150287
3.75 9.375 -0.00744056
3.75 10 -0.00592546
3.75 10.625 -0.00384744
3.75 11.25 -0.0023666
3.75 11.875 -0.00142408
3.75 12.5 -0.000842974

4.375 -12.5 -0.00298623
4.375 -11.875 -0.00539018
4.375 -11.25 -0.00952818
4.375 -10.625 -0.0156228
4.375 -10 -0.0163173
4.375 -9.375 0.0338082
4.375 -8.75 0.249291
4.375 -8.125 0.669393
4.375 -7.5 0.972884
4.375 -6.875 0.754492
4.375 -6.25 0.170889
4.375 -5.625 -0.325468
4.375 -5 -0.569288
4.375 -4.375 -0.653478
4.375 -3.75 -0.862049
4.375 -3.125 -1.127
4.375 -2.5 -1.28382
4.375 -1.875 -1.37198
4.375 -1.25 -1.40026
4.375 -0.625 -1.3558
4.375 0 -1.22272
4.375 0.625 -0.985527
4.375 1.25 -0.641141
4.375 1.875 -0.219427
4.375 2.5 0.206608
4.375 3.125 0.548221
4.375 3.75 0.766195
4.375 4.375 0.907223
4.375 5 1.0232
4.375 5.625 1.0496
4.375 6.25 0.875262
4.375 6.875 0.544645
4.375 7.5 0.238946
4.375 8.125 0.0678558
4.375 8.75 0.00740444
4.375 9.375 -0.00482533
4.375 10 -0.00462921
4.375 10.625 -0.00298547
4.375 11.25 -0.00178343
4.375 11.875 -0.00104252
4.375 12.5 -0.000601181

5 -12.5 -0.00284512
5 -11.875 -0.00538498
5 -11.25 -0.00995351
5 -10.625 -0.0173074
5 -10 -0.0230389
5 -9.375 0.00443846
5 -8.75 0.146359
5 -8.125 0.428946
5 -7.5 0.616791
5 -6.875 0.413677
5 -6.25 -0.0684948
5 -5.625 -0.504027
5 -5 -0.791061
5 -4.375 -1.0005
5 -3.75 -1.23137
5 -3.125 -1.46233
5 -2.5 -1.63724
5 -1.875 -1.75046
5 -1.25 -1.7918
5 -0.625 -1.75011
5 0 -1.618
5 0.625 -1.39302
5 1.25 -1.08338
5 1.875 -0.717696
5 2.5 -0.347304
5 3.125 -0.0227299
5 3.75 0.255531
5 4.375 0.550708
5 5 0.882401
5 5.625 1.09951
5 6.25 1.00951
5 6.875 0.658721
5 7.5 0.29732
5 8.125 0.0878051
5 8.75 0.0124702
5 9.375 -0.00339773
5 10 -0.00386747
5 10.625 -0.00243698
5 11.25 -0.00139746
5 11.875 -0.000786532
5 12.5 -0.00043937

5.625 -12.5 -0.00291981
5.625 -11.875 -0.00574773
5.625 -11.25 -0.011004
5.625 -10.625 -0.0201582
5.625 -10 -0.0330353
5.625 -9.375 -0.0383357
5.625 -8.75 -0.0038776
5.625 -8.125 0.0776605
5.625 -7.5 0.0986169
5.625 -6.875 -0.0750151
5.625 -6.25 -0.397226
5.625 -5.625 -0.726252
5.625 -5 -1.01809
5.625 -4.375 -1.29762
5.625 -3.75 -1.57651
5.625 -3.125 -1.83696
5.625 -2.5 -2.05145
5.625 -1.875 -2.19658
5.625 -1.25 -2.25394
5.625 -0.625 -2.21293
5.625 0 -2.07205
5.625 0.625 -1.83905
5.625 1.25 -1.53201
5.625 1.875 -1.18127
5.625 2.5 -0.826457
5.625 3.125 -0.497894
5.625 3.75 -0.182888
5.625 4.375 0.175503
5.625 5 0.578983
5.625 5.625 0.867583
5.625 6.25 0.85054
5.625 6.875 0.56848
5.625 7.5 0.257435
5.625 8.125 0.0745562
5.625 8.75 0.00932973
5.625 9.375 -0.00371696
5.625 10 -0.00360764
5.625 10.625 -0.00213364
5.625 11.25 -0.00115782
5.625 11.875 -0.000619639
5.625 12.5 -0.000331283

6.25 -12.5 -0.00313647
6.25 -11.875 -0.00634496
6.25 -11.25 -0.0124247
6.25 -10.625 -0.0234132
6.25 -10 -0.0418129
6.25 -9.375 -0.0683882
6.25 -8.75 -0.099566
6.25 -8.125 -0.139456
6.25 -7.5 -0.22325
6.25 -6.875 -0.392705
6.25 -6.25 -0.640088
6.25 -5.625 -0.928689
6.25 -5 -1.24244
6.25 -4.375 -1.57695
6.25 -3.75 -1.91697
6.25 -3.125 -2.23548
6.25 -2.5 -2.50083
6.25 -1.875 -2.68309
6.25 -1.25 -2.7594
6.25 -0.625 -2.71807
6.25 0 -2.56071
6.25 0.625 -2.30205
6.25 1.25 -1.96828
6.25 1.875 -1.59418
6.25 2.5 -1.21726
6.25 3.125 -0.864274
6.25 3.75 -0.531266
6.25 4.375 -0.185377
6.25 5 0.170328
6.25 5.625 0.429978
6.25 6.25 0.470999
6.25 6.875 0.322921
6.25 7.5 0.142631
6.25 8.125 0.0360456
6.25 8.75 2.20787e-06
6.25 9.375 -0.00532453
6.25 10 -0.00370995
6.25 10.625 -0.00200777
6.25 11.25 -0.00102469
6.25 11.875 -0.000517367
6.25 12.5 -0.00026168

6.875 -12.5 -0.00341988
6.875 -11.875 -0.00703546
6.875 -11.25 -0.0139057
6.875 -10.625 -0.025691
6.875 -10 -0.0451648
6.875 -9.375 -0.0823714
6.875 -8.75 -0.141593
6.875 -8.125 -0.227643
6.875 -7.5 -0.356293
6.875 -6.875 -0.542926
6.875 -6.25 -0.792268
6.875 -5.625 -1.09963
6.875 -5 -1.45663
6.875 -4.375 -1.84864
6.875 -3.75 -2.25113
6.875 -3.125 -2.63081
6.875 -2.5 -2.95009
6.875 -1.875 -3.17301
6.875 -1.25 -3.27166
6.875 -0.625 -3.23159
6.875 0 -3.05512
6.875 0.625 -2.76134
6.875 1.25 -2.38308
6.875 1.875 -1.96122
6.875 2.5 -1.53713
6.875 3.125 -1.14257
6.875 3.75 -0.788709
6.875 4.375 -0.46696
6.875 5 -0.179287
6.875 5.625 0.0301649
6.875 6.25 0.112186
6.875 6.875 0.0868918
6.875 7.5 0.0313137
6.875 8.125 -0.00158572
6.875 8.75 -0.00930329
6.875 9.375 -0.00709243
6.875 10 -0.00396315
6.875 10.625 -0.0019902
6.875 11.25 -0.00096264
6.875 11.875 -0.000459628
6.875 12.5 -0.000219058

7.5 -12.5 -0.0036974
7.5 -11.875 -0.00766929
7.5 -11.25 -0.0142827
7.5 -10.625 -0.0105481
7.5 -10 0.0175523
7.5 -9.375 -0.037578
7.5 -8.75 -0.153382
7.5 -8.125 -0.266718
7.5 -7.5 -0.417553
7.5 -6.875 -0.625745
7.5 -6.25 -0.900171
7.5 -5.625 -1.24258
7.5 -5 -1.645
7.5 -4.375 -2.08958
7.5 -3.75 -2.54884
7.5 -3.125 -2.98594
7.5 -2.5 -3.3581
7.5 -1.875 -3.62325
7.5 -1.25 -3.74772
7.5 -0.625 -3.713
7.5 0 -3.52021
7.5 0.625 -3.19083
7.5 1.25 -2.76304
7.5 1.875 -2.28443
7.5 2.5 -1.80281
7.5 3.125 -1.35696
7.5 3.75 -0.969493
7.5 4.375 -0.64629
7.5 5 -0.387687
7.5 5.625 -0.201316
7.5 6.25 -0.0934907
7.5 6.875 -0.048251
7.5 7.5 -0.0327981
7.5 8.125 -0.0236492
7.5 8.75 -0.0150254
7.5 9.375 -0.00832547
7.5 10 -0.00421024
7.5 10.625 -0.00202073
7.5 11.25 -0.000940405
7.5 11.875 -0.000429265
7.5 12.5 -0.000193959

8.125 -12.5 -0.00390522
8.125 -11.875 -0.00810458
8.125 -11.25 -0.0118446
8.125 -10.625 0.0485485
8.125 -10 0.246058
8.125 -9.375 0.146573
8.125 -8.75 -0.130684
8.125 -8.125 -0.296759
8.125 -7.5 -0.473638
8.125 -6.875 -0.69719
8.125 -6.25 -0.987199
8.125 -5.625 -1.35513
8.125 -5 -1.79183
8.125 -4.375 -2.27579
8.125 -3.75 -2.77898
8.125 -3.125 -3.26367
8.125 -2.5 -3.68307
8.125 -1.875 -3.98913
8.125 -1.25 -4.142
8.125 -0.625 -4.11814
8.125 0 -3.916
8.125 0.625 -3.55777
8.125 1.25 -3.08573
8.125 1.875 -2.55385
8.125 2.5 -2.0169
8.125 3.125 -1.52037
8.125 3.75 -1.09372
8.125 4.375 -0.749161
8.125 5 -0.486178
8.125 5.625 -0.298269
8.125 6.25 -0.175077
8.125 6.875 -0.100942
8.125 7.5 -0.0579868
8.125 8.125 -0.0326514
8.125 8.75 -0.0175847
8.125 9.375 -0.00898323
8.125 10 -0.00437812
8.125 10.625 -0.00205281
8.125 11.25 -0.000932075
8.125 11.875 -0.000412189
8.125 12.5 -0.000178754

8.75 -12.5 -0.00399531
8.75 -11.875 -0.00832431
8.75 -11.25 -0.0127353
8.75 -10.625 0.0402755
8.75 -10 0.219837
8.75 -9.375 0.154991
8.75 -8.75 -0.0646166
8.75 -8.125 -0.312192
8.75 -7.5 -0.599259
8.75 -6.875 -0.828203
8.75 -6.25 -1.08287
8.75 -5.625 -1.43645
8.75 -5 -1.8828
8.75 -4.375 -2.38612
8.75 -3.75 -2.91474
8.75 -3.125 -3.43177
8.75 -2.5 -3.88786
8.75 -1.875 -4.22964
8.75 -1.25 -4.4112
8.75 -0.625 -4.40349
8.75 0 -4.20124
8.75 0.625 -3.82589
8.75 1.25 -3.32234
8.75 1.875 -2.74982
8.75 2.5 -2.16939
8.75 3.125 -1.63229
8.75 3.75 -1.17242
8.75 4.375 -0.804631
8.75 5 -0.52799
8.75 5.625 -0.331613
8.75 6.25 -0.199921
8.75 6.875 -0.116194
8.75 7.5 -0.0652573
8.75 8.125 -0.0353529
8.75 8.75 -0.0184151
8.75 9.375 -0.00921205
8.75 10 -0.00443033
8.75 10.625 -0.00205242
8.75 11.25 -0.000918036
8.75 11.875 -0.000397737
8.75 12.5 -0.000167689

9.375 -12.5 -0.00394048
9.375 -11.875 -0.00826508
9.375 -11.25 -0.015895
9.375 -10.625 -0.018014
9.375 -10 0.0077923
9.375 -9.375 0.0755062
9.375 -8.75 0.125891
9.375 -8.125 -0.338316
9.375 -7.5 -0.935935
9.375 -6.875 -1.14576
9.375 -6.25 -1.24186
9.375 -5.625 -1.4901
9.375 -5 -1.90268
9.375 -4.375 -2.40146
9.375 -3.75 -2.9358
9.375 -3.125 -3.46723
9.375 -2.5 -3.9453
9.375 -1.875 -4.3131
9.375 -1.25 -4.51995
9.375 -0.625 -4.5317
9.375 0 -4.33889
9.375 0.625 -3.96097
9.375 1.25 -3.44374
9.375 1.875 -2.84984
9.375 2.5 -2.24494
9.375 3.125 -1.6846
9.375 3.75 -1.2057
9.375 4.375 -0.824408
9.375 5 -0.539469
9.375 5.625 -0.338437
9.375 6.25 -0.2039
9.375 6.875 -0.118147
9.375 7.5 -0.0658961
9.375 8.125 -0.035378
9.375 8.75 -0.0182739
9.375 9.375 -0.00907793
9.375 10 -0.00433877
9.375 10.625 -0.00199686
9.375 11.25 -0.000885491
9.375 11.875 -0.000378858
9.375 12.5 -0.000156871

10 -12.5 -0.0037368
10 -11.875 -0.00785637
10 -11.25 -0.0158818
10 -10.625 -0.0308439
10 -10 -0.0478635
10 -9.375 0.00163616
10 -8.75 -0.0329458
10 -8.125 -0.759104
10 -7.5 -1.54167
10 -6.875 -1.62532
10 -6.25 -1.4437
10 -5.625 -1.50059
10 -5 -1.83774
10 -4.375 -2.31078
10 -3.75 -2.83347
10 -3.125 -3.3609
10 -2.5 -3.84306
10 -1.875 -4.22275
10 -1.25 -4.44709
10 -0.625 -4.4783
10 0 -4.30301
10 0.625 -3.93785
10 1.25 -3.42767
10 1.875 -2.83603
10 2.5 -2.23065
10 3.125 -1.66923
10 3.75 -1.19015
10 4.375 -0.810066
10 5 -0.527494
10 5.625 -0.329321
10 6.25 -0.197486
10 6.875 -0.11391
10 7.5 -0.0632455
10 8.125 -0.03379
10 8.75 -0.0173157
10 9.375 -0.00847621
10 10 -0.00400192
10 10.625 -0.00184761
10 11.25 -0.000824489
10 11.875 -0.000351736
10 12.5 -0.000144138

10.625 -12.5 -0.0034025
10.625 -11.875 -0.00715926
10.625 -11.25 -0.0145468
10.625 -10.625 -0.0297531
10.625 -10 -0.0659952
10.625 -9.375 -0.161202
10.625 -8.75 -0.492486
10.625 -8.125 -1.26569
10.625 -7.5 -1.90777
10.625 -6.875 -1.845
10.625 -6.25 -1.48759
10.625 -5.625 -1.41534
10.625 -5 -1.68632
10.625 -4.375 -2.12267
10.625 -3.75 -2.61737
10.625 -3.125 -3.12134
10.625 -2.5 -3.58733
10.625 -1.875 -3.96131
10.625 -1.25 -4.19137
10.625 -0.625 -4.23832
10.625 0 -4.086
10.625 0.625 -3.7478
10.625 1.25 -3.26582
10.625 1.875 -2.70167
10.625 2.5 -2.12197
10.625 3.125 -1.58382
10.625 3.75 -1.1252
10.625 4.375 -0.76253
10.625 5 -0.494144
10.625 5.625 -0.306967
10.625 6.25 -0.183192
10.625 6.875 -0.105193
10.625 7.5 -0.0581425
10.625 8.125 -0.0306928
10.625 8.75 -0.0147727
10.625 9.375 -0.005987
10.625 10 -0.002366
10.625 10.625 -0.00126269
10.625 11.25 -0.000685901
10.625 11.875 -0.000312697
10.625 12.5 -0.000128709

11.25 -12.5 -0.0029724
11.25 -11.875 -0.00625601
11.25 -11.25 -0.0127053
11.25 -10.625 -0.0260048
11.25 -10 -0.0615189
11.25 -9.375 -0.179804
11.25 -8.75 -0.515128
11.25 -8.125 -1.09474
11.25 -7.5 -1.53496
11.25 -6.875 -1.48687
11.25 -6.25 -1.23512
11.25 -5.625 -1.21352
11.25 -5 -1.469
11.25 -4.375 -1.86463
11.25 -3.75 -2.31404
11.25 -3.125 -2.77419
11.25 -2.5 -3.20325
11.25 -1.875 -3.55282
11.25 -1.25 -3.77468
11.25 -0.625 -3.83079
11.25 0 -3.70376
11.25 0.625 -3.40389
11.25 1.25 -2.96894
11.25 1.875 -2.45575
11.25 2.5 -1.9265
11.25 3.125 -1.43474
11.25 3.75 -1.01614
11.25 4.375 -0.686013
11.25 5 -0.442677
11.25 5.625 -0.273783
11.25 6.25 -0.162686
11.25 6.875 -0.0930395
11.25 7.5 -0.0510714
11.25 8.125 -0.0254589
11.25 8.75 -0.00730443
11.25 9.375 0.00408089
11.25 10 0.004752
11.25 10.625 0.00111129
11.25 11.25 -0.00027847
11.25 11.875 -0.000250972
11.25 12.5 -0.000110628

11.875 -12.5 -0.00249026
11.875 -11.875 -0.00524114
11.875 -11.25 -0.0106126
11.875 -10.625 -0.0211993
11.875 -10 -0.045779
11.875 -9.375 -0.116319
11.875 -8.75 -0.297526
11.875 -8.125 -0.597067
11.875 -7.5 -0.844506
11.875 -6.875 -0.887763
11.875 -6.25 -0.860095
11.875 -5.625 -0.964172
11.875 -5 -1.22258
11.875 -4.375 -1.56942
11.875 -3.75 -1.95789
11.875 -3.125 -2.35682
11.875 -2.5 -2.73138
11.875 -1.875 -3.0401
11.875 -1.25 -3.2405
11.875 -0.625 -3.29803
11.875 0 -3.19586
11.875 0.625 -2.94162
11.875 1.25 -2.56763
11.875 1.875 -2.12359
11.875 2.5 -1.66437
11.875 3.125 -1.23739
11.875 3.75 -0.874253
11.875 4.375 -0.588468
11.875 5 -0.37846
11.875 5.625 -0.233246
11.875 6.25 -0.13812
11.875 6.875 -0.0787199
11.875 7.5 -0.0427285
11.875 8.125 -0.0183009
11.875 8.75 0.00553341
11.875 9.375 0.0226897
11.875 10 0.0180816
11.875 10.625 0.00550572
11.875 11.25 0.00042575
11.875 11.875 -0.000167372
11.875 12.5 -9.08831e-05

12.5 -12.5 -0.00200038
12.5 -11.875 -0.00420985
12.5 -11.25 -0.00850353
12.5 -10.625 -0.0166325
12.5 -10 -0.0326424
12.5 -9.375 -0.0677854
12.5 -8.75 -0.143208
12.5 -8.125 -0.264841
12.5 -7.5 -0.389852
12.5 -6.875 -0.480655
12.5 -6.25 -0.578335
12.5 -5.625 -0.741952
12.5 -5 -0.978179
12.5 -4.375 -1.26567
12.5 -3.75 -1.5839
12.5 -3.125 -1.9115
12.5 -2.5 -2.22067
12.5 -1.875 -2.47749
12.5 -1.25 -2.64659
12.5 -0.625 -2.6987
12.5 0 -2.61901
12.5 0.625 -2.41312
12.5 1.25 -2.10734
12.5 1.875 -1.74279
12.5 2.5 -1.36507
12.5 3.125 -1.01372
12.5 3.75 -0.715072
12.5 4.375 -0.480366
12.5 5 -0.308242
12.5 5.625 -0.18952
12.5 6.25 -0.111965
12.5 6.875 -0.0636649
12.5 7.5 -0.034306
12.5 8.125 -0.0131477
12.5 8.75 0.0104383
12.5 9.375 0.0281398
12.5 10 0.0217786
12.5 10.625 0.00677608
12.5 11.25 0.000681006
12.5 11.875 -0.000112412
12.5 12.5 -7.20971e-05

s