-3.59758 -2.03651 -3.70795
-3.64871 -1.71369 -3.70795
-3.79709 -1.42246 -3.70795
-4.02821 -1.19135 -3.70795
-4.31943 -1.04296 -3.70795
-4.64225 -0.991832 -3.70795
-4.96508 -1.04296 -3.70795
-5.2563 -1.19135 -3.70795
-5.48741 -1.42246 -3.70795
-5.6358 -1.71369 -3.70795
-5.68693 -2.03651 -3.70795
-5.6358 -2.35933 -3.70795
-5.48741 -2.65056 -3.70795
-5.2563 -2.88167 -3.70795
-4.96508 -3.03006 -3.70795
-4.64225 -3.08119 -3.70795
-4.31943 -3.03006 -3.70795
-4.02821 -2.88167 -3.70795
-3.79709 -2.65056 -3.70795
-3.64871 -2.35933 -3.70795
-3.59758 -2.03651 -3.70795

-3.80651 -2.03651 -3.08114
-3.84741 -1.77825 -3.08114
-3.96612 -1.54527 -3.08114
-4.15102 -1.36038 -3.08114
-4.38399 -1.24167 -3.08114
-4.64225 -1.20077 -3.08114
-4.90051 -1.24167 -3.08114
-5.13349 -1.36038 -3.08114
-5.31838 -1.54527 -3.08114
-5.43709 -1.77825 -3.08114
-5.47799 -2.03651 -3.08114
-5.43709 -2.29477 -3.08114
-5.31838 -2.52775 -3.08114
-5.13349 -2.71264 -3.08114
-4.90051 -2.83135 -3.08114
-4.64225 -2.87225 -3.08114
-4.38399 -2.83135 -3.08114
-4.15102 -2.71264 -3.08114
-3.96612 -2.52775 -3.08114
-3.84741 -2.29477 -3.08114
-3.80651 -2.03651 -3.08114

-4.01545 -2.03651 -2.8722
-4.04612 -1.84282 -2.8722
-4.13516 -1.66808 -2.8722
-4.27382 -1.52941 -2.8722
-4.44856 -1.44038 -2.8722
-4.64225 -1.4097 -2.8722
-4.83595 -1.44038 -2.8722
-5.01068 -1.52941 -2.8722
-5.14935 -1.66808 -2.8722
-5.23838 -1.84282 -2.8722
-5.26906 -2.03651 -2.8722
-5.23838 -2.2302 -2.8722
-5.14935 -2.40494 -2.8722
-5.01068 -2.54361 -2.8722
-4.83595 -2.63264 -2.8722
-4.64225 -2.66332 -2.8722
-4.44856 -2.63264 -2.8722
-4.27382 -2.54361 -2.8722
-4.13516 -2.40494 -2.8722
-4.04612 -2.2302 -2.8722
-4.01545 -2.03651 -2.8722

-4.22438 -2.03651 -2.75048
-4.24483 -1.90738 -2.75048
-4.30419 -1.79089 -2.75048
-4.39663 -1.69845 -2.75048
-4.51312 -1.63909 -2.75048
-4.64225 -1.61864 -2.75048
-4.77138 -1.63909 -2.75048
-4.88787 -1.69845 -2.75048
-4.98032 -1.79089 -2.75048
-5.03967 -1.90738 -2.75048
-5.06012 -2.03651 -2.75048
-5.03967 -2.16564 -2.75048
-4.98032 -2.28213 -2.75048
-4.88787 -2.37457 -2.75048
-4.77138 -2.43393 -2.75048
-4.64225 -2.45438 -2.75048
-4.51312 -2.43393 -2.75048
-4.39663 -2.37457 -2.75048
-4.30419 -2.28213 -2.75048
-4.24483 -2.16564 -2.75048
-4.22438 -2.03651 -2.75048

-4.43332 -2.03651 -2.68437
-4.44354 -1.97195 -2.68437
-4.47322 -1.9137 -2.68437
-4.51944 -1.86748 -2.68437
-4.57769 -1.8378 -2.68437
-4.64225 -1.82757 -2.68437
-4.70682 -1.8378 -2.68437
-4.76506 -1.86748 -2.68437
-4.81128 -1.9137 -2.68437
-4.84096 -1.97195 -2.68437
-4.85119 -2.03651 -2.68437
-4.84096 -2.10107 -2.68437
-4.81128 -2.15932 -2.68437
-4.76506 -2.20554 -2.68437
-4.70682 -2.23522 -2.68437
-4.64225 -2.24545 -2.68437
-4.57769 -2.23522 -2.68437
-4.51944 -2.20554 -2.68437
-4.47322 -2.15932 -2.68437
-4.44354 -2.10107 -2.68437
-4.43332 -2.03651 -2.68437


11.753 -11.0829 -0.0181337
11.6879 -10.6719 -0.0181337
11.499 -10.3012 -0.0181337
11.2048 -10.0069 -0.0181337
10.834 -9.818 -0.0181337
10.423 -9.7529 -0.0181337
10.012 -9.818 -0.0181337
9.64124 -10.0069 -0.0181337
9.347 -10.3012 -0.0181337
9.15808 -10.6719 -0.0181337
9.09298 -11.0829 -0.0181337
9.15808 -11.4939 -0.0181337
9.347 -11.8647 -0.0181337
9.64124 -12.1589 -0.0181337
10.012 -12.3478 -0.0181337
10.423 -12.4129 -0.0181337
10.834 -12.3478 -0.0181337
11.2048 -12.1589 -0.0181337
11.499 -11.8647 -0.0181337
11.6879 -11.4939 -0.0181337
11.753 -11.0829 -0.0181337

11.487 -11.0829 0.779876
11.4349 -10.7541 0.779876
11.2838 -10.4575 0.779876
11.0484 -10.2221 0.779876
10.7518 -10.071 0.779876
10.423 -10.0189 0.779876
10.0942 -10.071 0.779876
9.79759 -10.2221 0.779876
9.5622 -10.4575 0.779876
9.41106 -10.7541 0.779876
9.35899 -11.0829 0.779876
9.41106 -11.4117 0.779876
9.5622 -11.7083 0.779876
9.79759 -11.9437 0.779876
10.0942 -12.0949 0.779876
10.423 -12.1469 0.779876
10.7518 -12.0949 0.779876
11.0484 -11.9437 0.779876
11.2838 -11.7083 0.779876
11.4349 -11.4117 0.779876
11.487 -11.0829 0.779876

11.221 -11.0829 1.04588
11.182 -10.8363 1.04588
11.0686 -10.6139 1.04588
10.8921 -10.4373 1.04588
10.6696 -10.324 1.04588
10.423 -10.2849 1.04588
10.1764 -10.324 1.04588
9.95394 -10.4373 1.04588
9.7774 -10.6139 1.04588
9.66405 -10.8363 1.04588
9.62499 -11.0829 1.04588
9.66405 -11.3295 1.04588
9.7774 -11.552 1.04588
9.95394 -11.7285 1.04588
10.1764 -11.8419 1.04588
10.423 -11.8809 1.04588
10.6696 -11.8419 1.04588
10.8921 -11.7285 1.04588
11.0686 -11.552 1.04588
11.182 -11.3295 1.04588
11.221 -11.0829 1.04588

10.955 -11.0829 1.20085
10.929 -10.9185 1.20085
10.8534 -10.7702 1.20085
10.7357 -10.6525 1.20085
10.5874 -10.5769 1.20085
10.423 -10.5509 1.20085
10.2586 -10.5769 1.20085
10.1103 -10.6525 1.20085
9.9926 -10.7702 1.20085
9.91703 -10.9185 1.20085
9.89099 -11.0829 1.20085
9.91703 -11.2473 1.20085
9.9926 -11.3956 1.20085
10.1103 -11.5133 1.20085
10.2586 -11.5889 1.20085
10.423 -11.6149 1.20085
10.5874 -11.5889 1.20085
10.7357 -11.5133 1.20085
10.8534 -11.3956 1.20085
10.929 -11.2473 1.20085
10.955 -11.0829 1.20085

10.689 -11.0829 1.28501
10.676 -11.0007 1.28501
10.6382 -10.9266 1.28501
10.5794 -10.8677 1.28501
10.5052 -10.8299 1.28501
10.423 -10.8169 1.28501
10.3408 -10.8299 1.28501
10.2666 -10.8677 1.28501
10.2078 -10.9266 1.28501
10.17 -11.0007 1.28501
10.157 -11.0829 1.28501
10.17 -11.1651 1.28501
10.2078 -11.2393 1.28501
10.2666 -11.2981 1.28501
10.3408 -11.3359 1.28501
10.423 -11.3489 1.28501
10.5052 -11.3359 1.28501
10.5794 -11.2981 1.28501
10.6382 -11.2393 1.28501
10.676 -11.1651 1.28501
10.689 -11.0829 1.28501

10.423 -11.0829 1.31188
10.423 -11.0829 1.31188
10.423 -11.0829 1.31188
10.423 -11.0829 1.31188
10.423 -11.0829 1.31188
10.423 -11.0829 1.31188
10.423 -11.0829 1.31188
10.423 -11.0829 1.31188
10.423 -11.0829 1.31188
10.423 -11.0829 1.31188
10.423 -11.0829 1.31188
10.423 -11.0829 1.31188
10.423 -11.0829 1.31188
10.423 -11.0829 1.31188
10.423 -11.0829 1.31188
10.423 -11.0829 1.31188
10.423 -11.0829 1.31188
10.423 -11.0829 1.31188
10.423 -11.0829 1.31188
10.423 -11.0829 1.31188
10.423 -11.0829 1.31188


7.1252 -4.10078 -1.89219
7.09904 -3.9356 -1.89219
7.02312 -3.78659 -1.89219
6.90486 -3.66834 -1.89219
6.75585 -3.59241 -1.89219
6.59067 -3.56625 -1.89219
6.42549 -3.59241 -1.89219
6.27648 -3.66834 -1.89219
6.15822 -3.78659 -1.89219
6.0823 -3.9356 -1.89219
6.05613 -4.10078 -1.89219
6.0823 -4.26596 -1.89219
6.15822 -4.41498 -1.89219
6.27648 -4.53323 -1.89219
6.42549 -4.60916 -1.89219
6.59067 -4.63532 -1.89219
6.75585 -4.60916 -1.89219
6.90486 -4.53323 -1.89219
7.02312 -4.41498 -1.89219
7.09904 -4.26596 -1.89219
7.1252 -4.10078 -1.89219

7.0183 -4.10078 -1.57146
6.99737 -3.96864 -1.57146
6.93663 -3.84943 -1.57146
6.84202 -3.75483 -1.57146
6.72281 -3.69409 -1.57146
6.59067 -3.67316 -1.57146
6.45852 -3.69409 -1.57146
6.33932 -3.75483 -1.57146
6.24471 -3.84943 -1.57146
6.18397 -3.96864 -1.57146
6.16304 -4.10078 -1.57146
6.18397 -4.23293 -1.57146
6.24471 -4.35214 -1.57146
6.33932 -4.44674 -1.57146
6.45852 -4.50748 -1.57146
6.59067 -4.52841 -1.57146
6.72281 -4.50748 -1.57146
6.84202 -4.44674 -1.57146
6.93663 -4.35214 -1.57146
6.99737 -4.23293 -1.57146
7.0183 -4.10078 -1.57146

6.91139 -4.10078 -1.46456
6.89569 -4.00168 -1.46456
6.85014 -3.91227 -1.46456
6.77918 -3.84132 -1.46456
6.68978 -3.79576 -1.46456
6.59067 -3.78006 -1.46456
6.49156 -3.79576 -1.46456
6.40215 -3.84132 -1.46456
6.3312 -3.91227 -1.46456
6.28564 -4.00168 -1.46456
6.26995 -4.10078 -1.46456
6.28564 -4.19989 -1.46456
6.3312 -4.2893 -1.46456
6.40215 -4.36025 -1.46456
6.49156 -4.40581 -1.46456
6.59067 -4.42151 -1.46456
6.68978 -4.40581 -1.46456
6.77918 -4.36025 -1.46456
6.85014 -4.2893 -1.46456
6.89569 -4.19989 -1.46456
6.91139 -4.10078 -1.46456

6.80448 -4.10078 -1.40228
6.79402 -4.03471 -1.40228
6.76365 -3.97511 -1.40228
6.71634 -3.92781 -1.40228
6.65674 -3.89744 -1.40228
6.59067 -3.88697 -1.40228
6.5246 -3.89744 -1.40228
6.46499 -3.92781 -1.40228
6.41769 -3.97511 -1.40228
6.38732 -4.03471 -1.40228
6.37685 -4.10078 -1.40228
6.38732 -4.16686 -1.40228
6.41769 -4.22646 -1.40228
6.46499 -4.27376 -1.40228
6.5246 -4.30413 -1.40228
6.59067 -4.3146 -1.40228
6.65674 -4.30413 -1.40228
6.71634 -4.27376 -1.40228
6.76365 -4.22646 -1.40228
6.79402 -4.16686 -1.40228
6.80448 -4.10078 -1.40228

6.69758 -4.10078 -1.36845
6.69234 -4.06775 -1.36845
6.67716 -4.03795 -1.36845
6.65351 -4.0143 -1.36845
6.6237 -3.99911 -1.36845
6.59067 -3.99388 -1.36845
6.55763 -3.99911 -1.36845
6.52783 -4.0143 -1.36845
6.50418 -4.03795 -1.36845
6.48899 -4.06775 -1.36845
6.48376 -4.10078 -1.36845
6.48899 -4.13382 -1.36845
6.50418 -4.16362 -1.36845
6.52783 -4.18727 -1.36845
6.55763 -4.20246 -1.36845
6.59067 -4.20769 -1.36845
6.6237 -4.20246 -1.36845
6.65351 -4.18727 -1.36845
6.67716 -4.16362 -1.36845
6.69234 -4.13382 -1.36845
6.69758 -4.10078 -1.36845


13.0696 3.57043 -0.974057
13.0106 3.94313 -0.974057
12.8393 4.27935 -0.974057
12.5724 4.54618 -0.974057
12.2362 4.71749 -0.974057
11.8635 4.77653 -0.974057
11.4908 4.71749 -0.974057
11.1546 4.54618 -0.974057
10.8877 4.27935 -0.974057
10.7164 3.94313 -0.974057
10.6574 3.57043 -0.974057
10.7164 3.19772 -0.974057
10.8877 2.8615 -0.974057
11.1546 2.59467 -0.974057
11.4908 2.42336 -0.974057
11.8635 2.36433 -0.974057
12.2362 2.42336 -0.974057
12.5724 2.59467 -0.974057
12.8393 2.8615 -0.974057
13.0106 3.19772 -0.974057
13.0696 3.57043 -0.974057

12.8284 3.57043 -0.250397
12.7812 3.86859 -0.250397
12.6441 4.13757 -0.250397
12.4306 4.35103 -0.250397
12.1617 4.48808 -0.250397
11.8635 4.53531 -0.250397
11.5653 4.48808 -0.250397
11.2964 4.35103 -0.250397
11.0829 4.13757 -0.250397
10.9458 3.86859 -0.250397
10.8986 3.57043 -0.250397
10.9458 3.27226 -0.250397
11.0829 3.00328 -0.250397
11.2964 2.78982 -0.250397
11.5653 2.65277 -0.250397
11.8635 2.60555 -0.250397
12.1617 2.65277 -0.250397
12.4306 2.78982 -0.250397
12.6441 3.00328 -0.250397
12.7812 3.27226 -0.250397
12.8284 3.57043 -0.250397

12.5872 3.57043 -0.0091772
12.5517 3.79405 -0.0091772
12.4489 3.99578 -0.0091772
12.2889 4.15588 -0.0091772
12.0871 4.25867 -0.0091772
11.8635 4.29409 -0.0091772
11.6399 4.25867 -0.0091772
11.4381 4.15588 -0.0091772
11.278 3.99578 -0.0091772
11.1753 3.79405 -0.0091772
11.1398 3.57043 -0.0091772
11.1753 3.3468 -0.0091772
11.278 3.14507 -0.0091772
11.4381 2.98497 -0.0091772
11.6399 2.88218 -0.0091772
11.8635 2.84677 -0.0091772
12.0871 2.88218 -0.0091772
12.2889 2.98497 -0.0091772
12.4489 3.14507 -0.0091772
12.5517 3.3468 -0.0091772
12.5872 3.57043 -0.0091772

12.3459 3.57043 0.131352
12.3223 3.71951 0.131352
12.2538 3.854 0.131352
12.1471 3.96073 0.131352
12.0126 4.02925 0.131352
11.8635 4.05287 0.131352
11.7144 4.02925 0.131352
11.5799 3.96073 0.131352
11.4732 3.854 0.131352
11.4047 3.71951 0.131352
11.3811 3.57043 0.131352
11.4047 3.42134 0.131352
11.4732 3.28686 0.131352
11.5799 3.18012 0.131352
11.7144 3.1116 0.131352
11.8635 3.08799 0.131352
12.0126 3.1116 0.131352
12.1471 3.18012 0.131352
12.2538 3.28686 0.131352
12.3223 3.42134 0.131352
12.3459 3.57043 0.131352

12.1047 3.57043 0.207674
12.0929 3.64497 0.207674
12.0586 3.71221 0.207674
12.0053 3.76558 0.207674
11.938 3.79984 0.207674
11.8635 3.81165 0.207674
11.789 3.79984 0.207674
11.7217 3.76558 0.207674
11.6683 3.71221 0.207674
11.6341 3.64497 0.207674
11.6223 3.57043 0.207674
11.6341 3.49589 0.207674
11.6683 3.42864 0.207674
11.7217 3.37528 0.207674
11.789 3.34101 0.207674
11.8635 3.32921 0.207674
11.938 3.34101 0.207674
12.0053 3.37528 0.207674
12.0586 3.42864 0.207674
12.0929 3.49589 0.207674
12.1047 3.57043 0.207674


-6.93605 -7.79495 -2.36165
-6.98704 -7.47298 -2.36165
-7.13503 -7.18254 -2.36165
-7.36553 -6.95203 -2.36165
-7.65598 -6.80404 -2.36165
-7.97795 -6.75305 -2.36165
-8.29992 -6.80404 -2.36165
-8.59036 -6.95203 -2.36165
-8.82087 -7.18254 -2.36165
-8.96886 -7.47298 -2.36165
-9.01985 -7.79495 -2.36165
-8.96886 -8.11692 -2.36165
-8.82087 -8.40737 -2.36165
-8.59036 -8.63787 -2.36165
-8.29992 -8.78586 -2.36165
-7.97795 -8.83685 -2.36165
-7.65598 -8.78586 -2.36165
-7.36553 -8.63787 -2.36165
-7.13503 -8.40737 -2.36165
-6.98704 -8.11692 -2.36165
-6.93605 -7.79495 -2.36165

-7.14443 -7.79495 -1.73651
-7.18522 -7.53738 -1.73651
-7.30362 -7.30502 -1.73651
-7.48802 -7.12062 -1.73651
-7.72038 -7.00222 -1.73651
-7.97795 -6.96143 -1.73651
-8.23552 -7.00222 -1.73651
-8.46788 -7.12062 -1.73651
-8.65228 -7.30502 -1.73651
-8.77068 -7.53738 -1.73651
-8.81147 -7.79495 -1.73651
-8.77068 -8.05252 -1.73651
-8.65228 -8.28488 -1.73651
-8.46788 -8.46928 -1.73651
-8.23552 -8.58768 -1.73651
-7.97795 -8.62847 -1.73651
-7.72038 -8.58768 -1.73651
-7.48802 -8.46928 -1.73651
-7.30362 -8.28488 -1.73651
-7.18522 -8.05252 -1.73651
-7.14443 -7.79495 -1.73651

-7.35281 -7.79495 -1.52813
-7.3834 -7.60177 -1.52813
-7.4722 -7.4275 -1.52813
-7.6105 -7.2892 -1.52813
-7.78477 -7.20041 -1.52813
-7.97795 -7.16981 -1.52813
-8.17113 -7.20041 -1.52813
-8.3454 -7.2892 -1.52813
-8.4837 -7.4275 -1.52813
-8.57249 -7.60177 -1.52813
-8.60309 -7.79495 -1.52813
-8.57249 -7.98813 -1.52813
-8.4837 -8.1624 -1.52813
-8.3454 -8.3007 -1.52813
-8.17113 -8.3895 -1.52813
-7.97795 -8.42009 -1.52813
-7.78477 -8.3895 -1.52813
-7.6105 -8.3007 -1.52813
-7.4722 -8.1624 -1.52813
-7.3834 -7.98813 -1.52813
-7.35281 -7.79495 -1.52813

-7.56119 -7.79495 -1.40673
-7.58159 -7.66616 -1.40673
-7.64078 -7.54998 -1.40673
-7.73298 -7.45778 -1.40673
-7.84916 -7.39859 -1.40673
-7.97795 -7.37819 -1.40673
-8.10674 -7.39859 -1.40673
-8.22292 -7.45778 -1.40673
-8.31512 -7.54998 -1.40673
-8.37431 -7.66616 -1.40673
-8.39471 -7.79495 -1.40673
-8.37431 -7.92374 -1.40673
-8.31512 -8.03992 -1.40673
-8.22292 -8.13212 -1.40673
-8.10674 -8.19131 -1.40673
-7.97795 -8.21171 -1.40673
-7.84916 -8.19131 -1.40673
-7.73298 -8.13212 -1.40673
-7.64078 -8.03992 -1.40673
-7.58159 -7.92374 -1.40673
-7.56119 -7.79495 -1.40673

-7.76957 -7.79495 -1.3408
-7.77977 -7.73056 -1.3408
-7.80937 -7.67247 -1.3408
-7.85547 -7.62637 -1.3408
-7.91356 -7.59677 -1.3408
-7.97795 -7.58657 -1.3408
-8.04234 -7.59677 -1.3408
-8.10043 -7.62637 -1.3408
-8.14653 -7.67247 -1.3408
-8.17613 -7.73056 -1.3408
-8.18633 -7.79495 -1.3408
-8.17613 -7.85934 -1.3408
-8.14653 -7.91743 -1.3408
-8.10043 -7.96353 -1.3408
-8.04234 -7.99313 -1.3408
-7.97795 -8.00333 -1.3408
-7.91356 -7.99313 -1.3408
-7.85547 -7.96353 -1.3408
-7.80937 -7.91743 -1.3408
-7.77977 -7.85934 -1.3408
-7.76957 -7.79495 -1.3408


-7.43317 -10.8479 -0.498339
-7.46982 -10.6165 -0.498339
-7.57615 -10.4078 -0.498339
-7.74178 -10.2422 -0.498339
-7.95048 -10.1359 -0.498339
-8.18182 -10.0992 -0.498339
-8.41317 -10.1359 -0.498339
-8.62187 -10.2422 -0.498339
-8.78749 -10.4078 -0.498339
-8.89383 -10.6165 -0.498339
-8.93047 -10.8479 -0.498339
-8.89383 -11.0792 -0.498339
-8.78749 -11.2879 -0.498339
-8.62187 -11.4535 -0.498339
-8.41317 -11.5599 -0.498339
-8.18182 -11.5965 -0.498339
-7.95048 -11.5599 -0.498339
-7.74178 -11.4535 -0.498339
-7.57615 -11.2879 -0.498339
-7.46982 -11.0792 -0.498339
-7.43317 -10.8479 -0.498339

-7.5829 -10.8479 -0.0491503
-7.61222 -10.6628 -0.0491503
-7.69729 -10.4958 -0.0491503
-7.82979 -10.3633 -0.0491503
-7.99675 -10.2783 -0.0491503
-8.18182 -10.249 -0.0491503
-8.3669 -10.2783 -0.0491503
-8.53386 -10.3633 -0.0491503
-8.66636 -10.4958 -0.0491503
-8.75143 -10.6628 -0.0491503
-8.78074 -10.8479 -0.0491503
-8.75143 -11.0329 -0.0491503
-8.66636 -11.1999 -0.0491503
-8.53386 -11.3324 -0.0491503
-8.3669 -11.4175 -0.0491503
-8.18182 -11.4468 -0.0491503
-7.99675 -11.4175 -0.0491503
-7.82979 -11.3324 -0.0491503
-7.69729 -11.1999 -0.0491503
-7.61222 -11.0329 -0.0491503
-7.5829 -10.8479 -0.0491503

-7.73263 -10.8479 0.100579
-7.75462 -10.7091 0.100579
-7.81842 -10.5838 0.100579
-7.9178 -10.4845 0.100579
-8.04301 -10.4207 0.100579
-8.18182 -10.3987 0.100579
-8.32063 -10.4207 0.100579
-8.44585 -10.4845 0.100579
-8.54522 -10.5838 0.100579
-8.60903 -10.7091 0.100579
-8.63101 -10.8479 0.100579
-8.60903 -10.9867 0.100579
-8.54522 -11.1119 0.100579
-8.44585 -11.2113 0.100579
-8.32063 -11.2751 0.100579
-8.18182 -11.2971 0.100579
-8.04301 -11.2751 0.100579
-7.9178 -11.2113 0.100579
-7.81842 -11.1119 0.100579
-7.75462 -10.9867 0.100579
-7.73263 -10.8479 0.100579

-7.88236 -10.8479 0.187808
-7.89702 -10.7553 0.187808
-7.93955 -10.6719 0.187808
-8.0058 -10.6056 0.187808
-8.08928 -10.5631 0.187808
-8.18182 -10.5484 0.187808
-8.27436 -10.5631 0.187808
-8.35784 -10.6056 0.187808
-8.42409 -10.6719 0.187808
-8.46662 -10.7553 0.187808
-8.48128 -10.8479 0.187808
-8.46662 -10.9404 0.187808
-8.42409 -11.0239 0.187808
-8.35784 -11.0901 0.187808
-8.27436 -11.1327 0.187808
-8.18182 -11.1473 0.187808
-8.08928 -11.1327 0.187808
-8.0058 -11.0901 0.187808
-7.93955 -11.0239 0.187808
-7.89702 -10.9404 0.187808
-7.88236 -10.8479 0.187808

-8.03209 -10.8479 0.235183
-8.03942 -10.8016 0.235183
-8.06069 -10.7599 0.235183
-8.09381 -10.7267 0.235183
-8.13555 -10.7055 0.235183
-8.18182 -10.6981 0.235183
-8.22809 -10.7055 0.235183
-8.26983 -10.7267 0.235183
-8.30296 -10.7599 0.235183
-8.32422 -10.8016 0.235183
-8.33155 -10.8479 0.235183
-8.32422 -10.8941 0.235183
-8.30296 -10.9359 0.235183
-8.26983 -10.969 0.235183
-8.22809 -10.9903 0.235183
-8.18182 -10.9976 0.235183
-8.13555 -10.9903 0.235183
-8.09381 -10.969 0.235183
-8.06069 -10.9359 0.235183
-8.03942 -10.8941 0.235183
-8.03209 -10.8479 0.235183


5.7112 5.69191 1.09484
5.65825 6.02622 1.09484
5.50459 6.32781 1.09484
5.26525 6.56715 1.09484
4.96366 6.72082 1.09484
4.62934 6.77377 1.09484
4.29503 6.72082 1.09484
3.99344 6.56715 1.09484
3.7541 6.32781 1.09484
3.60043 6.02622 1.09484
3.54748 5.69191 1.09484
3.60043 5.35759 1.09484
3.7541 5.056 1.09484
3.99344 4.81666 1.09484
4.29503 4.663 1.09484
4.62934 4.61005 1.09484
4.96366 4.663 1.09484
5.26525 4.81666 1.09484
5.50459 5.056 1.09484
5.65825 5.35759 1.09484
5.7112 5.69191 1.09484

5.49483 5.69191 1.74396
5.45247 5.95936 1.74396
5.32954 6.20063 1.74396
5.13806 6.3921 1.74396
4.89679 6.51504 1.74396
4.62934 6.5574 1.74396
4.36189 6.51504 1.74396
4.12062 6.3921 1.74396
3.92915 6.20063 1.74396
3.80621 5.95936 1.74396
3.76385 5.69191 1.74396
3.80621 5.42446 1.74396
3.92915 5.18318 1.74396
4.12062 4.99171 1.74396
4.36189 4.86878 1.74396
4.62934 4.82642 1.74396
4.89679 4.86878 1.74396
5.13806 4.99171 1.74396
5.32954 5.18318 1.74396
5.45247 5.42446 1.74396
5.49483 5.69191 1.74396

5.27846 5.69191 1.96033
5.24669 5.89249 1.96033
5.15449 6.07345 1.96033
5.01088 6.21705 1.96033
4.82993 6.30925 1.96033
4.62934 6.34102 1.96033
4.42876 6.30925 1.96033
4.2478 6.21705 1.96033
4.1042 6.07345 1.96033
4.012 5.89249 1.96033
3.98023 5.69191 1.96033
4.012 5.49132 1.96033
4.1042 5.31037 1.96033
4.2478 5.16676 1.96033
4.42876 5.07456 1.96033
4.62934 5.04279 1.96033
4.82993 5.07456 1.96033
5.01088 5.16676 1.96033
5.15449 5.31037 1.96033
5.24669 5.49132 1.96033
5.27846 5.69191 1.96033

5.06209 5.69191 2.08638
5.04091 5.82563 2.08638
4.97944 5.94627 2.08638
4.8837 6.042 2.08638
4.76307 6.10347 2.08638
4.62934 6.12465 2.08638
4.49562 6.10347 2.08638
4.37498 6.042 2.08638
4.27925 5.94627 2.08638
4.21778 5.82563 2.08638
4.1966 5.69191 2.08638
4.21778 5.55818 2.08638
4.27925 5.43755 2.08638
4.37498 5.34181 2.08638
4.49562 5.28034 2.08638
4.62934 5.25916 2.08638
4.76307 5.28034 2.08638
4.8837 5.34181 2.08638
4.97944 5.43755 2.08638
5.04091 5.55818 2.08638
5.06209 5.69191 2.08638

4.84572 5.69191 2.15484
4.83513 5.75877 2.15484
4.80439 5.81909 2.15484
4.75652 5.86696 2.15484
4.69621 5.89769 2.15484
4.62934 5.90828 2.15484
4.56248 5.89769 2.15484
4.50216 5.86696 2.15484
4.45429 5.81909 2.15484
4.42356 5.75877 2.15484
4.41297 5.69191 2.15484
4.42356 5.62504 2.15484
4.45429 5.56473 2.15484
4.50216 5.51686 2.15484
4.56248 5.48612 2.15484
4.62934 5.47553 2.15484
4.69621 5.48612 2.15484
4.75652 5.51686 2.15484
4.80439 5.56473 2.15484
4.83513 5.62504 2.15484
4.84572 5.69191 2.15484


3.61337 -4.24994 -0.450021
3.56845 -3.96632 -0.450021
3.43808 -3.71047 -0.450021
3.23503 -3.50742 -0.450021
2.97918 -3.37706 -0.450021
2.69556 -3.33213 -0.450021
2.41194 -3.37706 -0.450021
2.15609 -3.50742 -0.450021
1.95304 -3.71047 -0.450021
1.82268 -3.96632 -0.450021
1.77776 -4.24994 -0.450021
1.82268 -4.53356 -0.450021
1.95304 -4.78941 -0.450021
2.15609 -4.99246 -0.450021
2.41194 -5.12282 -0.450021
2.69556 -5.16774 -0.450021
2.97918 -5.12282 -0.450021
3.23503 -4.99246 -0.450021
3.43808 -4.78941 -0.450021
3.56845 -4.53356 -0.450021
3.61337 -4.24994 -0.450021

3.42981 -4.24994 0.100662
3.39387 -4.02305 0.100662
3.28958 -3.81836 0.100662
3.12714 -3.65592 0.100662
2.92246 -3.55163 0.100662
2.69556 -3.5157 0.100662
2.46867 -3.55163 0.100662
2.26398 -3.65592 0.100662
2.10155 -3.81836 0.100662
1.99726 -4.02305 0.100662
1.96132 -4.24994 0.100662
1.99726 -4.47683 0.100662
2.10155 -4.68152 0.100662
2.26398 -4.84395 0.100662
2.46867 -4.94825 0.100662
2.69556 -4.98418 0.100662
2.92246 -4.94825 0.100662
3.12714 -4.84395 0.100662
3.28958 -4.68152 0.100662
3.39387 -4.47683 0.100662
3.42981 -4.24994 0.100662

3.24624 -4.24994 0.284223
3.21929 -4.07977 0.284223
3.14107 -3.92626 0.284223
3.01925 -3.80443 0.284223
2.86573 -3.72621 0.284223
2.69556 -3.69926 0.284223
2.52539 -3.72621 0.284223
2.37188 -3.80443 0.284223
2.25005 -3.92626 0.284223
2.17183 -4.07977 0.284223
2.14488 -4.24994 0.284223
2.17183 -4.42011 0.284223
2.25005 -4.57362 0.284223
2.37188 -4.69545 0.284223
2.52539 -4.77367 0.284223
2.69556 -4.80062 0.284223
2.86573 -4.77367 0.284223
3.01925 -4.69545 0.284223
3.14107 -4.57362 0.284223
3.21929 -4.42011 0.284223
3.24624 -4.24994 0.284223

3.06268 -4.24994 0.391161
3.04472 -4.13649 0.391161
2.99257 -4.03415 0.391161
2.91135 -3.95293 0.391161
2.80901 -3.90079 0.391161
2.69556 -3.88282 0.391161
2.58212 -3.90079 0.391161
2.47977 -3.95293 0.391161
2.39855 -4.03415 0.391161
2.34641 -4.13649 0.391161
2.32844 -4.24994 0.391161
2.34641 -4.36339 0.391161
2.39855 -4.46573 0.391161
2.47977 -4.54695 0.391161
2.58212 -4.59909 0.391161
2.69556 -4.61706 0.391161
2.80901 -4.59909 0.391161
2.91135 -4.54695 0.391161
2.99257 -4.46573 0.391161
3.04472 -4.36339 0.391161
3.06268 -4.24994 0.391161

2.87912 -4.24994 0.44924
2.87014 -4.19322 0.44924
2.84407 -4.14204 0.44924
2.80346 -4.10144 0.44924
2.75229 -4.07536 0.44924
2.69556 -4.06638 0.44924
2.63884 -4.07536 0.44924
2.58767 -4.10144 0.44924
2.54706 -4.14204 0.44924
2.52099 -4.19322 0.44924
2.512 -4.24994 0.44924
2.52099 -4.30666 0.44924
2.54706 -4.35783 0.44924
2.58767 -4.39844 0.44924
2.63884 -4.42452 0.44924
2.69556 -4.4335 0.44924
2.75229 -4.42452 0.44924
2.80346 -4.39844 0.44924
2.84407 -4.35783 0.44924
2.87014 -4.30666 0.44924
2.87912 -4.24994 0.44924


6.03782 -4.45852 -1.1727
6.00785 -4.26929 -1.1727
5.92086 -4.09858 -1.1727
5.78539 -3.9631 -1.1727
5.61467 -3.87612 -1.1727
5.42544 -3.84614 -1.1727
5.2362 -3.87612 -1.1727
5.06549 -3.9631 -1.1727
4.93001 -4.09858 -1.1727
4.84303 -4.26929 -1.1727
4.81306 -4.45852 -1.1727
4.84303 -4.64776 -1.1727
4.93001 -4.81847 -1.1727
5.06549 -4.95395 -1.1727
5.2362 -5.04093 -1.1727
5.42544 -5.0709 -1.1727
5.61467 -5.04093 -1.1727
5.78539 -4.95395 -1.1727
5.92086 -4.81847 -1.1727
6.00785 -4.64776 -1.1727
6.03782 -4.45852 -1.1727

5.91534 -4.45852 -0.80527
5.89136 -4.30714 -0.80527
5.82178 -4.17057 -0.80527
5.7134 -4.06218 -0.80527
5.57683 -3.9926 -0.80527
5.42544 -3.96862 -0.80527
5.27405 -3.9926 -0.80527
5.13748 -4.06218 -0.80527
5.0291 -4.17057 -0.80527
4.95951 -4.30714 -0.80527
4.93553 -4.45852 -0.80527
4.95951 -4.60991 -0.80527
5.0291 -4.74648 -0.80527
5.13748 -4.85486 -0.80527
5.27405 -4.92445 -0.80527
5.42544 -4.94843 -0.80527
5.57683 -4.92445 -0.80527
5.7134 -4.85486 -0.80527
5.82178 -4.74648 -0.80527
5.89136 -4.60991 -0.80527
5.91534 -4.45852 -0.80527

5.79287 -4.45852 -0.682794
5.77488 -4.34498 -0.682794
5.72269 -4.24256 -0.682794
5.64141 -4.16127 -0.682794
5.53898 -4.10908 -0.682794
5.42544 -4.0911 -0.682794
5.3119 -4.10908 -0.682794
5.20947 -4.16127 -0.682794
5.12818 -4.24256 -0.682794
5.07599 -4.34498 -0.682794
5.05801 -4.45852 -0.682794
5.07599 -4.57207 -0.682794
5.12818 -4.67449 -0.682794
5.20947 -4.75578 -0.682794
5.3119 -4.80797 -0.682794
5.42544 -4.82595 -0.682794
5.53898 -4.80797 -0.682794
5.64141 -4.75578 -0.682794
5.72269 -4.67449 -0.682794
5.77488 -4.57207 -0.682794
5.79287 -4.45852 -0.682794

5.67039 -4.45852 -0.611442
5.6584 -4.38283 -0.611442
5.62361 -4.31454 -0.611442
5.56942 -4.26035 -0.611442
5.50113 -4.22556 -0.611442
5.42544 -4.21357 -0.611442
5.34974 -4.22556 -0.611442
5.28146 -4.26035 -0.611442
5.22727 -4.31454 -0.611442
5.19248 -4.38283 -0.611442
5.18049 -4.45852 -0.611442
5.19248 -4.53422 -0.611442
5.22727 -4.6025 -0.611442
5.28146 -4.65669 -0.611442
5.34974 -4.69149 -0.611442
5.42544 -4.70348 -0.611442
5.50113 -4.69149 -0.611442
5.56942 -4.65669 -0.611442
5.62361 -4.6025 -0.611442
5.6584 -4.53422 -0.611442
5.67039 -4.45852 -0.611442

5.54791 -4.45852 -0.572691
5.54192 -4.42068 -0.572691
5.52452 -4.38653 -0.572691
5.49743 -4.35944 -0.572691
5.46329 -4.34204 -0.572691
5.42544 -4.33605 -0.572691
5.38759 -4.34204 -0.572691
5.35345 -4.35944 -0.572691
5.32635 -4.38653 -0.572691
5.30896 -4.42068 -0.572691
5.30296 -4.45852 -0.572691
5.30896 -4.49637 -0.572691
5.32635 -4.53051 -0.572691
5.35345 -4.55761 -0.572691
5.38759 -4.57501 -0.572691
5.42544 -4.581 -0.572691
5.46329 -4.57501 -0.572691
5.49743 -4.55761 -0.572691
5.52452 -4.53051 -0.572691
5.54192 -4.49637 -0.572691
5.54791 -4.45852 -0.572691

5.42544 -4.45852 -0.560318
5.42544 -4.45852 -0.560318
5.42544 -4.45852 -0.560318
5.42544 -4.45852 -0.560318
5.42544 -4.45852 -0.560318
5.42544 -4.45852 -0.560318
5.42544 -4.45852 -0.560318
5.42544 -4.45852 -0.560318
5.42544 -4.45852 -0.560318
5.42544 -4.45852 -0.560318
5.42544 -4.45852 -0.560318
5.42544 -4.45852 -0.560318
5.42544 -4.45852 -0.560318
5.42544 -4.45852 -0.560318
5.42544 -4.45852 -0.560318
5.42544 -4.45852 -0.560318
5.42544 -4.45852 -0.560318
5.42544 -4.45852 -0.560318
5.42544 -4.45852 -0.560318
5.42544 -4.45852 -0.560318
5.42544 -4.45852 -0.560318


-4.08047 -1.64802 -4.34508
-4.15299 -1.19013 -4.34508
-4.36346 -0.77706 -4.34508
-4.69127 -0.449247 -4.34508
-5.10434 -0.238777 -4.34508
-5.56223 -0.166255 -4.34508
-6.02012 -0.238777 -4.34508
-6.43319 -0.449247 -4.34508
-6.76101 -0.77706 -4.34508
-6.97148 -1.19013 -4.34508
-7.044 -1.64802 -4.34508
-6.97148 -2.10591 -4.34508
-6.76101 -2.51898 -4.34508
-6.43319 -2.84679 -4.34508
-6.02012 -3.05726 -4.34508
-5.56223 -3.12979 -4.34508
-5.10434 -3.05726 -4.34508
-4.69127 -2.84679 -4.34508
-4.36346 -2.51898 -4.34508
-4.15299 -2.10591 -4.34508
-4.08047 -1.64802 -4.34508

-4.37682 -1.64802 -3.45602
-4.43484 -1.28171 -3.45602
-4.60321 -0.951252 -3.45602
-4.86546 -0.689001 -3.45602
-5.19592 -0.520626 -3.45602
-5.56223 -0.462608 -3.45602
-5.92855 -0.520626 -3.45602
-6.259 -0.689001 -3.45602
-6.52125 -0.951252 -3.45602
-6.68963 -1.28171 -3.45602
-6.74765 -1.64802 -3.45602
-6.68963 -2.01433 -3.45602
-6.52125 -2.34479 -3.45602
-6.259 -2.60704 -3.45602
-5.92855 -2.77541 -3.45602
-5.56223 -2.83343 -3.45602
-5.19592 -2.77541 -3.45602
-4.86546 -2.60704 -3.45602
-4.60321 -2.34479 -3.45602
-4.43484 -2.01433 -3.45602
-4.37682 -1.64802 -3.45602

-4.67317 -1.64802 -3.15967
-4.71669 -1.37329 -3.15967
-4.84297 -1.12544 -3.15967
-5.03966 -0.928756 -3.15967
-5.2875 -0.802475 -3.15967
-5.56223 -0.758961 -3.15967
-5.83697 -0.802475 -3.15967
-6.08481 -0.928756 -3.15967
-6.2815 -1.12544 -3.15967
-6.40778 -1.37329 -3.15967
-6.45129 -1.64802 -3.15967
-6.40778 -1.92275 -3.15967
-6.2815 -2.1706 -3.15967
-6.08481 -2.36728 -3.15967
-5.83697 -2.49357 -3.15967
-5.56223 -2.53708 -3.15967
-5.2875 -2.49357 -3.15967
-5.03966 -2.36728 -3.15967
-4.84297 -2.1706 -3.15967
-4.71669 -1.92275 -3.15967
-4.67317 -1.64802 -3.15967

-4.96953 -1.64802 -2.98702
-4.99854 -1.46486 -2.98702
-5.08272 -1.29964 -2.98702
-5.21385 -1.16851 -2.98702
-5.37908 -1.08432 -2.98702
-5.56223 -1.05531 -2.98702
-5.74539 -1.08432 -2.98702
-5.91062 -1.16851 -2.98702
-6.04174 -1.29964 -2.98702
-6.12593 -1.46486 -2.98702
-6.15494 -1.64802 -2.98702
-6.12593 -1.83118 -2.98702
-6.04174 -1.9964 -2.98702
-5.91062 -2.12753 -2.98702
-5.74539 -2.21172 -2.98702
-5.56223 -2.24073 -2.98702
-5.37908 -2.21172 -2.98702
-5.21385 -2.12753 -2.98702
-5.08272 -1.9964 -2.98702
-4.99854 -1.83118 -2.98702
-4.96953 -1.64802 -2.98702

-5.26588 -1.64802 -2.89325
-5.28038 -1.55644 -2.89325
-5.32248 -1.47383 -2.89325
-5.38804 -1.40827 -2.89325
-5.47065 -1.36617 -2.89325
-5.56223 -1.35167 -2.89325
-5.65381 -1.36617 -2.89325
-5.73642 -1.40827 -2.89325
-5.80199 -1.47383 -2.89325
-5.84408 -1.55644 -2.89325
-5.85859 -1.64802 -2.89325
-5.84408 -1.7396 -2.89325
-5.80199 -1.82221 -2.89325
-5.73642 -1.88777 -2.89325
-5.65381 -1.92987 -2.89325
-5.56223 -1.94437 -2.89325
-5.47065 -1.92987 -2.89325
-5.38804 -1.88777 -2.89325
-5.32248 -1.82221 -2.89325
-5.28038 -1.7396 -2.89325
-5.26588 -1.64802 -2.89325


